11
0 0.00000000 0.00000000 0.00000000 0.00000000 0.50000000 1.00000000 1.00000000 1.00000000 1.00000000 1
11
0 0.00000000 0.00000000 0.00000000 0.00000000 0.50000000 1.00000000 1.00000000 1.00000000 1.00000000 1
36
0.00000000 0.00000000 0.00000000 1.0000
0.04482233 0.04482233 0.00000000 1.0000
0.13446699 0.13446699 0.00000000 1.0000
0.22411165 0.22411165 0.00000000 1.0000
0.31375631 0.31375631 0.00000000 1.0000
0.35857864 0.35857864 0.00000000 1.0000
0.00000000 0.12982292 0.00000000 1.0000
0.04122020 0.16201951 0.00000000 1.0000
0.12366059 0.22641269 0.00000000 1.0000
0.20610098 0.29080586 0.00000000 1.0000
0.28854137 0.35519904 0.00000000 1.0000
0.32976156 0.38739563 0.00000000 1.0000
0.00000000 0.37941200 0.00000000 1.0000
0.03626128 0.38928575 0.00000000 1.0000
0.10878383 0.40903324 0.00000000 1.0000
0.18130638 0.42878074 0.00000000 1.0000
0.25382893 0.44852824 0.00000000 1.0000
0.29009021 0.45840199 0.00000000 1.0000
0.00000000 0.62061357 0.00000000 1.0000
0.03625744 0.61073353 0.00000000 1.0000
0.10877233 0.59097344 0.00000000 1.0000
0.18128721 0.57121336 0.00000000 1.0000
0.25380209 0.55145327 0.00000000 1.0000
0.29005954 0.54157323 0.00000000 1.0000
0.00000000 0.87016913 0.00000000 1.0000
0.04122089 0.83797452 0.00000000 1.0000
0.12366267 0.77358532 0.00000000 1.0000
0.20610445 0.70919611 0.00000000 1.0000
0.28854623 0.64480690 0.00000000 1.0000
0.32976712 0.61261230 0.00000000 1.0000
0.00000000 1.00000000 0.00000000 1.0000
0.04482233 0.95517767 0.00000000 1.0000
0.13446699 0.86553301 0.00000000 1.0000
0.22411165 0.77588835 0.00000000 1.0000
0.31375631 0.68624369 0.00000000 1.0000
0.35857864 0.64142136 0.00000000 1.0000
