11
0 0.00000000 0.00000000 0.00000000 0.00000000 0.50000000 1.00000000 1.00000000 1.00000000 1.00000000 1
11
0 0.00000000 0.00000000 0.00000000 0.00000000 0.50000000 1.00000000 1.00000000 1.00000000 1.00000000 1
36
0.00000000 0.00000000 0.00000000 1.0000
0.12536475 0.00000000 0.00000000 1.0000
0.37521061 0.00000000 0.00000000 1.0000
0.62478421 0.00000000 0.00000000 1.0000
0.87463396 0.00000000 0.00000000 1.0000
1.00000000 0.00000000 0.00000000 1.0000
0.05131966 0.05131966 0.00000000 1.0000
0.16375461 0.05063327 0.00000000 1.0000
0.38798061 0.04978906 0.00000000 1.0000
0.61201550 0.04978915 0.00000000 1.0000
0.83624442 0.05063330 0.00000000 1.0000
0.94868034 0.05131966 0.00000000 1.0000
0.15395898 0.15395898 0.00000000 1.0000
0.24053434 0.15189980 0.00000000 1.0000
0.41352062 0.14936719 0.00000000 1.0000
0.58647808 0.14936745 0.00000000 1.0000
0.75946533 0.15189991 0.00000000 1.0000
0.84604102 0.15395898 0.00000000 1.0000
0.25659830 0.25659830 0.00000000 1.0000
0.31731406 0.25316633 0.00000000 1.0000
0.43906062 0.24894532 0.00000000 1.0000
0.56094067 0.24894575 0.00000000 1.0000
0.68268625 0.25316652 0.00000000 1.0000
0.74340170 0.25659830 0.00000000 1.0000
0.35923762 0.35923762 0.00000000 1.0000
0.39409378 0.35443286 0.00000000 1.0000
0.46460063 0.34852345 0.00000000 1.0000
0.53540325 0.34852405 0.00000000 1.0000
0.60590717 0.35443313 0.00000000 1.0000
0.64076238 0.35923762 0.00000000 1.0000
0.41055728 0.41055728 0.00000000 1.0000
0.43248365 0.40506613 0.00000000 1.0000
0.47737063 0.39831252 0.00000000 1.0000
0.52263454 0.39831320 0.00000000 1.0000
0.56751763 0.40506643 0.00000000 1.0000
0.58944272 0.41055728 0.00000000 1.0000
