10
0 0.00000000 0.00000000 0.00000000 0.00000000 1.00000000 1.00000000 1.00000000 1.00000000 1
10
0 0.00000000 0.00000000 0.00000000 0.00000000 1.00000000 1.00000000 1.00000000 1.00000000 1
25
0.00000000 0.00000000 0.00000000 1.0000
0.25063189 0.00000000 0.00000000 1.0000
0.49999618 0.00000000 0.00000000 1.0000
0.74936546 0.00000000 0.00000000 1.0000
1.00000000 0.00000000 0.00000000 1.0000
0.10263932 0.10263932 0.00000000 1.0000
0.30160283 0.09989861 0.00000000 1.0000
0.49999809 0.09925269 0.00000000 1.0000
0.69839584 0.09989882 0.00000000 1.0000
0.89736068 0.10263932 0.00000000 1.0000
0.20527864 0.20527864 0.00000000 1.0000
0.35257376 0.19979722 0.00000000 1.0000
0.50000000 0.19850538 0.00000000 1.0000
0.64742623 0.19979764 0.00000000 1.0000
0.79472136 0.20527864 0.00000000 1.0000
0.30791796 0.30791796 0.00000000 1.0000
0.40354470 0.29969583 0.00000000 1.0000
0.50000191 0.29775807 0.00000000 1.0000
0.59645661 0.29969646 0.00000000 1.0000
0.69208204 0.30791796 0.00000000 1.0000
0.41055728 0.41055728 0.00000000 1.0000
0.45451563 0.39959443 0.00000000 1.0000
0.50000383 0.39701076 0.00000000 1.0000
0.54548699 0.39959528 0.00000000 1.0000
0.58944272 0.41055728 0.00000000 1.0000
