10
0 0.00000000 0.00000000 0.00000000 0.00000000 1.00000000 1.00000000 1.00000000 1.00000000 1
10
0 0.00000000 0.00000000 0.00000000 0.00000000 1.00000000 1.00000000 1.00000000 1.00000000 1
25
1.00000000 0.00000000 0.00000000 1.0000
1.00000000 0.27911734 0.00000000 1.0000
1.00000000 0.49995174 0.00000000 1.0000
1.00000000 0.72095730 0.00000000 1.0000
1.00000000 1.00000000 0.00000000 1.0000
0.89736068 0.10263932 0.00000000 1.0000
0.91124172 0.31389043 0.00000000 1.0000
0.95255098 0.49997335 0.00000000 1.0000
0.91125148 0.68615142 0.00000000 1.0000
0.89736068 0.89736068 0.00000000 1.0000
0.79472136 0.20527864 0.00000000 1.0000
0.82248344 0.34866352 0.00000000 1.0000
0.90510195 0.49999495 0.00000000 1.0000
0.82250295 0.65134553 0.00000000 1.0000
0.79472136 0.79472136 0.00000000 1.0000
0.69208204 0.30791796 0.00000000 1.0000
0.73372516 0.38343660 0.00000000 1.0000
0.85765293 0.50001655 0.00000000 1.0000
0.73375443 0.61653965 0.00000000 1.0000
0.69208204 0.69208204 0.00000000 1.0000
0.58944272 0.41055728 0.00000000 1.0000
0.64496687 0.41820969 0.00000000 1.0000
0.81020391 0.50003816 0.00000000 1.0000
0.64500590 0.58173376 0.00000000 1.0000
0.58944272 0.58944272 0.00000000 1.0000
