10
0 0.00000000 0.00000000 0.00000000 0.00000000 1.00000000 1.00000000 1.00000000 1.00000000 1
10
0 0.00000000 0.00000000 0.00000000 0.00000000 1.00000000 1.00000000 1.00000000 1.00000000 1
25
1.00000000 1.00000000 0.00000000 1.0000
0.74936811 1.00000000 0.00000000 1.0000
0.50000382 1.00000000 0.00000000 1.0000
0.25063454 1.00000000 0.00000000 1.0000
0.00000000 1.00000000 0.00000000 1.0000
0.89736068 0.89736068 0.00000000 1.0000
0.69839717 0.90010139 0.00000000 1.0000
0.50000191 0.90074731 0.00000000 1.0000
0.30160416 0.90010118 0.00000000 1.0000
0.10263932 0.89736068 0.00000000 1.0000
0.79472136 0.79472136 0.00000000 1.0000
0.64742624 0.80020278 0.00000000 1.0000
0.50000000 0.80149462 0.00000000 1.0000
0.35257377 0.80020236 0.00000000 1.0000
0.20527864 0.79472136 0.00000000 1.0000
0.69208204 0.69208204 0.00000000 1.0000
0.59645530 0.70030417 0.00000000 1.0000
0.49999809 0.70224193 0.00000000 1.0000
0.40354339 0.70030354 0.00000000 1.0000
0.30791796 0.69208204 0.00000000 1.0000
0.58944272 0.58944272 0.00000000 1.0000
0.54548437 0.60040557 0.00000000 1.0000
0.49999617 0.60298924 0.00000000 1.0000
0.45451301 0.60040472 0.00000000 1.0000
0.41055728 0.58944272 0.00000000 1.0000
