10
0 0.00000000 0.00000000 0.00000000 0.00000000 1.00000000 1.00000000 1.00000000 1.00000000 1
10
0 0.00000000 0.00000000 0.00000000 0.00000000 1.00000000 1.00000000 1.00000000 1.00000000 1
25
0.00000000 0.00000000 0.00000000 1.0000
0.10263932 0.10263932 0.00000000 1.0000
0.20527864 0.20527864 0.00000000 1.0000
0.30791796 0.30791796 0.00000000 1.0000
0.41055728 0.41055728 0.00000000 1.0000
0.00000000 0.27904270 0.00000000 1.0000
0.08874852 0.31384858 0.00000000 1.0000
0.17749705 0.34865447 0.00000000 1.0000
0.26624557 0.38346035 0.00000000 1.0000
0.35499410 0.41826624 0.00000000 1.0000
0.00000000 0.50004826 0.00000000 1.0000
0.04744902 0.50002665 0.00000000 1.0000
0.09489805 0.50000505 0.00000000 1.0000
0.14234707 0.49998345 0.00000000 1.0000
0.18979609 0.49996184 0.00000000 1.0000
0.00000000 0.72088266 0.00000000 1.0000
0.08875828 0.68610957 0.00000000 1.0000
0.17751656 0.65133648 0.00000000 1.0000
0.26627484 0.61656340 0.00000000 1.0000
0.35503313 0.58179031 0.00000000 1.0000
0.00000000 1.00000000 0.00000000 1.0000
0.10263932 0.89736068 0.00000000 1.0000
0.20527864 0.79472136 0.00000000 1.0000
0.30791796 0.69208204 0.00000000 1.0000
0.41055728 0.58944272 0.00000000 1.0000
