10
0 0.00000000 0.00000000 0.00000000 0.00000000 1.00000000 1.00000000 1.00000000 1.00000000 1
11
0 0.00000000 0.00000000 0.00000000 0.00000000 0.50000000 1.00000000 1.00000000 1.00000000 1.00000000 1
30
0.70000000 0.50000000 0.00000000 1.0000
0.73750000 0.50000000 0.00000000 1.0000
0.81250000 0.50000000 0.00000000 1.0000
0.88750000 0.50000000 0.00000000 1.0000
0.96250000 0.50000000 0.00000000 1.0000
1.00000000 0.50000000 0.00000000 1.0000
0.69999181 0.53623391 0.00000000 1.0000
0.73749284 0.54601921 0.00000000 1.0000
0.81249488 0.56558980 0.00000000 1.0000
0.88749693 0.58516039 0.00000000 1.0000
0.96249898 0.60473097 0.00000000 1.0000
1.00000000 0.61451627 0.00000000 1.0000
0.66436051 0.56477275 0.00000000 1.0000
0.70631544 0.58595119 0.00000000 1.0000
0.79022532 0.62830808 0.00000000 1.0000
0.87413519 0.67066496 0.00000000 1.0000
0.95804506 0.71302184 0.00000000 1.0000
1.00000000 0.73420028 0.00000000 1.0000
0.62955653 0.57883584 0.00000000 1.0000
0.67586196 0.61466592 0.00000000 1.0000
0.76847283 0.68632608 0.00000000 1.0000
0.86108370 0.75798623 0.00000000 1.0000
0.95369457 0.82964639 0.00000000 1.0000
1.00000000 0.86547647 0.00000000 1.0000
0.58944272 0.58944272 0.00000000 1.0000
0.64076238 0.64076238 0.00000000 1.0000
0.74340170 0.74340170 0.00000000 1.0000
0.84604102 0.84604102 0.00000000 1.0000
0.94868034 0.94868034 0.00000000 1.0000
1.00000000 1.00000000 0.00000000 1.0000
