11
0 0.00000000 0.00000000 0.00000000 0.00000000 0.50000000 1.00000000 1.00000000 1.00000000 1.00000000 1
10
0 0.00000000 0.00000000 0.00000000 0.00000000 1.00000000 1.00000000 1.00000000 1.00000000 1
30
26.00000000 30.00000000 0.00000000 1.0000
28.58052928 30.00000000 0.00000000 1.0000
31.00004405 30.00000000 0.00000000 1.0000
33.41957331 30.00000000 0.00000000 1.0000
36.00000000 30.00000000 0.00000000 1.0000
26.49241748 30.49241748 0.00000000 1.0000
28.80397439 30.43774258 0.00000000 1.0000
31.00003180 30.41948997 0.00000000 1.0000
33.19610629 30.43771673 0.00000000 1.0000
35.50758252 30.49241748 0.00000000 1.0000
27.47725244 31.47725244 0.00000000 1.0000
29.25086462 31.31322774 0.00000000 1.0000
31.00000729 31.25846992 0.00000000 1.0000
32.74917224 31.31315018 0.00000000 1.0000
34.52274756 31.47725244 0.00000000 1.0000
28.46208739 32.46208739 0.00000000 1.0000
29.69775485 32.18871291 0.00000000 1.0000
30.99998279 32.09744987 0.00000000 1.0000
32.30223819 32.18858364 0.00000000 1.0000
33.53791261 32.46208739 0.00000000 1.0000
29.44692235 33.44692235 0.00000000 1.0000
30.14464507 33.06419807 0.00000000 1.0000
30.99995828 32.93642982 0.00000000 1.0000
31.85530415 33.06401710 0.00000000 1.0000
32.55307765 33.44692235 0.00000000 1.0000
29.93933983 33.93933983 0.00000000 1.0000
30.36809019 33.50194065 0.00000000 1.0000
30.99994603 33.35591980 0.00000000 1.0000
31.63183712 33.50173383 0.00000000 1.0000
32.06066017 33.93933983 0.00000000 1.0000
