8
0 0.00000000 0.00000000 0.33333333 0.66666667 1.00000000 1.00000000 1
8
0 0.00000000 0.00000000 0.33333333 0.66666667 1.00000000 1.00000000 1
25
0.00000000 0.00000000 0.00000000 1.0000
0.16666667 0.00000000 0.00000000 1.0000
0.50000000 0.00000000 0.00000000 1.0000
0.83333333 0.00000000 0.00000000 1.0000
1.00000000 0.00000000 0.00000000 1.0000
0.00000000 0.16666667 0.00000000 1.0000
0.16666667 0.16666667 0.00000000 1.0000
0.50000000 0.16666667 0.00000000 1.0000
0.83333333 0.16666667 0.00000000 1.0000
1.00000000 0.16666667 0.00000000 1.0000
0.00000000 0.50000000 0.00000000 1.0000
0.16666667 0.50000000 0.00000000 1.0000
0.50000000 0.50000000 0.00000000 1.0000
0.83333333 0.50000000 0.00000000 1.0000
1.00000000 0.50000000 0.00000000 1.0000
0.00000000 0.83333333 0.00000000 1.0000
0.16666667 0.83333333 0.00000000 1.0000
0.50000000 0.83333333 0.00000000 1.0000
0.83333333 0.83333333 0.00000000 1.0000
1.00000000 0.83333333 0.00000000 1.0000
0.00000000 1.00000000 0.00000000 1.0000
0.16666667 1.00000000 0.00000000 1.0000
0.50000000 1.00000000 0.00000000 1.0000
0.83333333 1.00000000 0.00000000 1.0000
1.00000000 1.00000000 0.00000000 1.0000
