11
0 0.00000000 0.00000000 0.00000000 0.00000000 0.50000000 1.00000000 1.00000000 1.00000000 1.00000000 1
10
0 0.00000000 0.00000000 0.00000000 0.00000000 1.00000000 1.00000000 1.00000000 1.00000000 1
30
26.00000000 40.00000000 0.00000000 1.0000
26.00000000 37.41947072 0.00000000 1.0000
26.00000000 34.99995595 0.00000000 1.0000
26.00000000 32.58042669 0.00000000 1.0000
26.00000000 30.00000000 0.00000000 1.0000
26.49241748 39.50758252 0.00000000 1.0000
26.43774258 37.19602561 0.00000000 1.0000
26.41948997 34.99996820 0.00000000 1.0000
26.43771673 32.80389371 0.00000000 1.0000
26.49241748 30.49241748 0.00000000 1.0000
27.47725244 38.52274756 0.00000000 1.0000
27.31322774 36.74913538 0.00000000 1.0000
27.25846992 34.99999271 0.00000000 1.0000
27.31315018 33.25082776 0.00000000 1.0000
27.47725244 31.47725244 0.00000000 1.0000
28.46208739 37.53791261 0.00000000 1.0000
28.18871291 36.30224515 0.00000000 1.0000
28.09744987 35.00001721 0.00000000 1.0000
28.18858364 33.69776181 0.00000000 1.0000
28.46208739 32.46208739 0.00000000 1.0000
29.44692235 36.55307765 0.00000000 1.0000
29.06419807 35.85535493 0.00000000 1.0000
28.93642982 35.00004172 0.00000000 1.0000
29.06401710 34.14469585 0.00000000 1.0000
29.44692235 33.44692235 0.00000000 1.0000
29.93933983 36.06066017 0.00000000 1.0000
29.50194065 35.63190981 0.00000000 1.0000
29.35591980 35.00005397 0.00000000 1.0000
29.50173383 34.36816288 0.00000000 1.0000
29.93933983 33.93933983 0.00000000 1.0000
