11
0 0.00000000 0.00000000 0.00000000 0.00000000 0.50000000 1.00000000 1.00000000 1.00000000 1.00000000 1
10
0 0.00000000 0.00000000 0.00000000 0.00000000 1.00000000 1.00000000 1.00000000 1.00000000 1
30
0.00000000 10.00000000 0.00000000 1.0000
0.00000000 7.41947072 0.00000000 1.0000
-0.00000000 4.99995595 0.00000000 1.0000
0.00000000 2.58042669 0.00000000 1.0000
0.00000000 -0.00000000 0.00000000 1.0000
0.49241748 9.50758252 0.00000000 1.0000
0.43774258 7.19602561 0.00000000 1.0000
0.41948997 4.99996820 0.00000000 1.0000
0.43771673 2.80389371 0.00000000 1.0000
0.49241748 0.49241748 0.00000000 1.0000
1.47725244 8.52274756 0.00000000 1.0000
1.31322774 6.74913538 0.00000000 1.0000
1.25846992 4.99999271 0.00000000 1.0000
1.31315018 3.25082776 0.00000000 1.0000
1.47725244 1.47725244 0.00000000 1.0000
2.46208739 7.53791261 0.00000000 1.0000
2.18871291 6.30224515 0.00000000 1.0000
2.09744987 5.00001721 0.00000000 1.0000
2.18858364 3.69776181 0.00000000 1.0000
2.46208739 2.46208739 0.00000000 1.0000
3.44692235 6.55307765 0.00000000 1.0000
3.06419807 5.85535493 0.00000000 1.0000
2.93642982 5.00004172 0.00000000 1.0000
3.06401710 4.14469585 0.00000000 1.0000
3.44692235 3.44692235 0.00000000 1.0000
3.93933983 6.06066017 0.00000000 1.0000
3.50194065 5.63190981 0.00000000 1.0000
3.35591980 5.00005397 0.00000000 1.0000
3.50173383 4.36816288 0.00000000 1.0000
3.93933983 3.93933983 0.00000000 1.0000
