11
0 0.00000000 0.00000000 0.00000000 0.00000000 0.50000000 1.00000000 1.00000000 1.00000000 1.00000000 1
10
0 0.00000000 0.00000000 0.00000000 0.00000000 1.00000000 1.00000000 1.00000000 1.00000000 1
30
29.93933983 36.06066017 0.00000000 1.0000
30.36817274 36.49820718 0.00000000 1.0000
31.00000832 36.64409129 0.00000000 1.0000
31.63183687 36.49813554 0.00000000 1.0000
32.06066017 36.06066017 0.00000000 1.0000
29.44692235 36.55307765 0.00000000 1.0000
30.14470437 36.93593128 0.00000000 1.0000
31.00000667 37.06357988 0.00000000 1.0000
31.85530154 36.93586859 0.00000000 1.0000
32.55307765 36.55307765 0.00000000 1.0000
28.46208739 37.53791261 0.00000000 1.0000
29.69776763 37.81137948 0.00000000 1.0000
31.00000337 37.90255706 0.00000000 1.0000
32.30223089 37.81133471 0.00000000 1.0000
33.53791261 37.53791261 0.00000000 1.0000
27.47725244 38.52274756 0.00000000 1.0000
29.25083088 38.68682769 0.00000000 1.0000
31.00000007 38.74153423 0.00000000 1.0000
32.74916024 38.68680083 0.00000000 1.0000
34.52274756 38.52274756 0.00000000 1.0000
26.49241748 39.50758252 0.00000000 1.0000
28.80389414 39.56227590 0.00000000 1.0000
30.99999677 39.58051141 0.00000000 1.0000
33.19608958 39.56226694 0.00000000 1.0000
35.50758252 39.50758252 0.00000000 1.0000
26.00000000 40.00000000 0.00000000 1.0000
28.58042577 40.00000000 0.00000000 1.0000
30.99999512 40.00000000 0.00000000 1.0000
33.41955425 40.00000000 0.00000000 1.0000
36.00000000 40.00000000 0.00000000 1.0000
