11
0 0.00000000 0.00000000 0.00000000 0.00000000 0.50000000 1.00000000 1.00000000 1.00000000 1.00000000 1
10
0 0.00000000 0.00000000 0.00000000 0.00000000 1.00000000 1.00000000 1.00000000 1.00000000 1
30
10.00000000 -0.00000000 0.00000000 1.0000
10.00000000 2.58042669 0.00000000 1.0000
10.00000000 4.99995595 0.00000000 1.0000
10.00000000 7.41947072 0.00000000 1.0000
10.00000000 10.00000000 0.00000000 1.0000
9.50758252 0.49241748 0.00000000 1.0000
9.56228327 2.80389371 0.00000000 1.0000
9.58051003 4.99996820 0.00000000 1.0000
9.56225742 7.19602561 0.00000000 1.0000
9.50758252 9.50758252 0.00000000 1.0000
8.52274756 1.47725244 0.00000000 1.0000
8.68684982 3.25082776 0.00000000 1.0000
8.74153008 4.99999271 0.00000000 1.0000
8.68677226 6.74913538 0.00000000 1.0000
8.52274756 8.52274756 0.00000000 1.0000
7.53791261 2.46208739 0.00000000 1.0000
7.81141636 3.69776181 0.00000000 1.0000
7.90255013 5.00001721 0.00000000 1.0000
7.81128709 6.30224515 0.00000000 1.0000
7.53791261 7.53791261 0.00000000 1.0000
6.55307765 3.44692235 0.00000000 1.0000
6.93598290 4.14469585 0.00000000 1.0000
7.06357018 5.00004172 0.00000000 1.0000
6.93580193 5.85535493 0.00000000 1.0000
6.55307765 6.55307765 0.00000000 1.0000
6.06066017 3.93933983 0.00000000 1.0000
6.49826617 4.36816288 0.00000000 1.0000
6.64408020 5.00005397 0.00000000 1.0000
6.49805935 5.63190981 0.00000000 1.0000
6.06066017 6.06066017 0.00000000 1.0000
