11
0 0.00000000 0.00000000 0.00000000 0.00000000 0.50000000 1.00000000 1.00000000 1.00000000 1.00000000 1
10
0 0.00000000 0.00000000 0.00000000 0.00000000 1.00000000 1.00000000 1.00000000 1.00000000 1
30
36.00000000 30.00000000 0.00000000 1.0000
36.00000000 32.58042669 0.00000000 1.0000
36.00000000 34.99995595 0.00000000 1.0000
36.00000000 37.41947072 0.00000000 1.0000
36.00000000 40.00000000 0.00000000 1.0000
35.50758252 30.49241748 0.00000000 1.0000
35.56228327 32.80389371 0.00000000 1.0000
35.58051003 34.99996820 0.00000000 1.0000
35.56225742 37.19602561 0.00000000 1.0000
35.50758252 39.50758252 0.00000000 1.0000
34.52274756 31.47725244 0.00000000 1.0000
34.68684982 33.25082776 0.00000000 1.0000
34.74153008 34.99999271 0.00000000 1.0000
34.68677226 36.74913538 0.00000000 1.0000
34.52274756 38.52274756 0.00000000 1.0000
33.53791261 32.46208739 0.00000000 1.0000
33.81141636 33.69776181 0.00000000 1.0000
33.90255013 35.00001721 0.00000000 1.0000
33.81128709 36.30224515 0.00000000 1.0000
33.53791261 37.53791261 0.00000000 1.0000
32.55307765 33.44692235 0.00000000 1.0000
32.93598290 34.14469585 0.00000000 1.0000
33.06357018 35.00004172 0.00000000 1.0000
32.93580193 35.85535493 0.00000000 1.0000
32.55307765 36.55307765 0.00000000 1.0000
32.06066017 33.93933983 0.00000000 1.0000
32.49826617 34.36816288 0.00000000 1.0000
32.64408020 35.00005397 0.00000000 1.0000
32.49805935 35.63190981 0.00000000 1.0000
32.06066017 36.06066017 0.00000000 1.0000
