11
0 0.00000000 0.00000000 0.00000000 0.00000000 0.50000000 1.00000000 1.00000000 1.00000000 1.00000000 1
11
0 0.00000000 0.00000000 0.00000000 0.00000000 0.50000000 1.00000000 1.00000000 1.00000000 1.00000000 1
36
0.35857864 0.64142136 0.00000000 1.0000
0.38750757 0.67023585 0.00000000 1.0000
0.45817755 0.70991969 0.00000000 1.0000
0.54179758 0.70992623 0.00000000 1.0000
0.61250062 0.67024227 0.00000000 1.0000
0.64142136 0.64142136 0.00000000 1.0000
0.31375631 0.68624369 0.00000000 1.0000
0.35528284 0.71145637 0.00000000 1.0000
0.44836027 0.74617973 0.00000000 1.0000
0.55162113 0.74618545 0.00000000 1.0000
0.64472345 0.71146198 0.00000000 1.0000
0.68624369 0.68624369 0.00000000 1.0000
0.22411165 0.77588835 0.00000000 1.0000
0.29083338 0.79389740 0.00000000 1.0000
0.42872571 0.81869981 0.00000000 1.0000
0.57126822 0.81870390 0.00000000 1.0000
0.70916910 0.79390142 0.00000000 1.0000
0.77588835 0.77588835 0.00000000 1.0000
0.13446699 0.86553301 0.00000000 1.0000
0.22638393 0.87633844 0.00000000 1.0000
0.40909114 0.89121988 0.00000000 1.0000
0.59091532 0.89122234 0.00000000 1.0000
0.77361476 0.87634085 0.00000000 1.0000
0.86553301 0.86553301 0.00000000 1.0000
0.04482233 0.95517767 0.00000000 1.0000
0.16193447 0.95877948 0.00000000 1.0000
0.38945658 0.96373996 0.00000000 1.0000
0.61056241 0.96374078 0.00000000 1.0000
0.83806041 0.95878028 0.00000000 1.0000
0.95517767 0.95517767 0.00000000 1.0000
0.00000000 1.00000000 0.00000000 1.0000
0.12970974 1.00000000 0.00000000 1.0000
0.37963930 1.00000000 0.00000000 1.0000
0.62038596 1.00000000 0.00000000 1.0000
0.87028324 1.00000000 0.00000000 1.0000
1.00000000 1.00000000 0.00000000 1.0000
