10
0 0.00000000 0.00000000 0.00000000 0.00000000 1.00000000 1.00000000 1.00000000 1.00000000 1
10
0 0.00000000 0.00000000 0.00000000 0.00000000 1.00000000 1.00000000 1.00000000 1.00000000 1
25
0.00000000 0.00000000 0.00000000 1.0000
0.08964466 0.08964466 0.00000000 1.0000
0.17928932 0.17928932 0.00000000 1.0000
0.26893398 0.26893398 0.00000000 1.0000
0.35857864 0.35857864 0.00000000 1.0000
0.00000000 0.25935873 0.00000000 1.0000
0.07523929 0.29862406 0.00000000 1.0000
0.15047857 0.33788939 0.00000000 1.0000
0.22571786 0.37715473 0.00000000 1.0000
0.30095714 0.41642006 0.00000000 1.0000
0.00000000 0.50003263 0.00000000 1.0000
0.06979972 0.50001623 0.00000000 1.0000
0.13959944 0.49999982 0.00000000 1.0000
0.20939916 0.49998342 0.00000000 1.0000
0.27919888 0.49996702 0.00000000 1.0000
0.00000000 0.74062656 0.00000000 1.0000
0.07523604 0.70136896 0.00000000 1.0000
0.15047208 0.66211135 0.00000000 1.0000
0.22570813 0.62285375 0.00000000 1.0000
0.30094417 0.58359615 0.00000000 1.0000
0.00000000 1.00000000 0.00000000 1.0000
0.08964466 0.91035534 0.00000000 1.0000
0.17928932 0.82071068 0.00000000 1.0000
0.26893398 0.73106602 0.00000000 1.0000
0.35857864 0.64142136 0.00000000 1.0000
