12
0 0.00000000 0.00000000 0.00000000 0.00000000 0.33333333 0.66666667 1.00000000 1.00000000 1.00000000 1.00000000 1
12
0 0.00000000 0.00000000 0.00000000 0.00000000 0.33333333 0.66666667 1.00000000 1.00000000 1.00000000 1.00000000 1
49
0.00000000 0.00000000 0.00000000 1.0000
0.02988155 0.02988155 0.00000000 1.0000
0.08964466 0.08964466 0.00000000 1.0000
0.17928932 0.17928932 0.00000000 1.0000
0.26893398 0.26893398 0.00000000 1.0000
0.32869709 0.32869709 0.00000000 1.0000
0.35857864 0.35857864 0.00000000 1.0000
0.00000000 0.08647627 0.00000000 1.0000
0.02828072 0.11075870 0.00000000 1.0000
0.08484215 0.15932356 0.00000000 1.0000
0.16968430 0.23217085 0.00000000 1.0000
0.25452645 0.30501814 0.00000000 1.0000
0.31108789 0.35358300 0.00000000 1.0000
0.33936860 0.37786543 0.00000000 1.0000
0.00000000 0.25519283 0.00000000 1.0000
0.02574383 0.26910412 0.00000000 1.0000
0.07723148 0.29692670 0.00000000 1.0000
0.15446296 0.33866056 0.00000000 1.0000
0.23169445 0.38039443 0.00000000 1.0000
0.28318210 0.40821700 0.00000000 1.0000
0.30892593 0.42212829 0.00000000 1.0000
0.00000000 0.50001481 0.00000000 1.0000
0.02407242 0.50001235 0.00000000 1.0000
0.07221725 0.50000743 0.00000000 1.0000
0.14443449 0.50000004 0.00000000 1.0000
0.21665174 0.49999266 0.00000000 1.0000
0.26479657 0.49998773 0.00000000 1.0000
0.28886899 0.49998527 0.00000000 1.0000
0.00000000 0.74481372 0.00000000 1.0000
0.02574323 0.73090142 0.00000000 1.0000
0.07722968 0.70307682 0.00000000 1.0000
0.15445937 0.66133992 0.00000000 1.0000
0.23168905 0.61960302 0.00000000 1.0000
0.28317550 0.59177842 0.00000000 1.0000
0.30891873 0.57786612 0.00000000 1.0000
0.00000000 0.91351904 0.00000000 1.0000
0.02828036 0.88923746 0.00000000 1.0000
0.08484108 0.84067429 0.00000000 1.0000
0.16968216 0.76782954 0.00000000 1.0000
0.25452325 0.69498478 0.00000000 1.0000
0.31108397 0.64642161 0.00000000 1.0000
0.33936433 0.62214003 0.00000000 1.0000
0.00000000 1.00000000 0.00000000 1.0000
0.02988155 0.97011845 0.00000000 1.0000
0.08964466 0.91035534 0.00000000 1.0000
0.17928932 0.82071068 0.00000000 1.0000
0.26893398 0.73106602 0.00000000 1.0000
0.32869709 0.67130291 0.00000000 1.0000
0.35857864 0.64142136 0.00000000 1.0000
