12
0 0.00000000 0.00000000 0.00000000 0.00000000 0.33333333 0.66666667 1.00000000 1.00000000 1.00000000 1.00000000 1
12
0 0.00000000 0.00000000 0.00000000 0.00000000 0.33333333 0.66666667 1.00000000 1.00000000 1.00000000 1.00000000 1
49
0.00000000 0.00000000 0.00000000 1.0000
0.08647722 0.00000000 0.00000000 1.0000
0.25517705 0.00000000 0.00000000 1.0000
0.50000385 0.00000000 0.00000000 1.0000
0.74482625 0.00000000 0.00000000 1.0000
0.91352297 0.00000000 0.00000000 1.0000
1.00000000 0.00000000 0.00000000 1.0000
0.02988155 0.02988155 0.00000000 1.0000
0.11076029 0.02828535 0.00000000 1.0000
0.26909106 0.02574675 0.00000000 1.0000
0.50000321 0.02406672 0.00000000 1.0000
0.73091170 0.02574663 0.00000000 1.0000
0.88923989 0.02828528 0.00000000 1.0000
0.97011845 0.02988155 0.00000000 1.0000
0.08964466 0.08964466 0.00000000 1.0000
0.15932642 0.08485606 0.00000000 1.0000
0.29691908 0.07724024 0.00000000 1.0000
0.50000193 0.07220016 0.00000000 1.0000
0.70308262 0.07723989 0.00000000 1.0000
0.84067372 0.08485585 0.00000000 1.0000
0.91035534 0.08964466 0.00000000 1.0000
0.17928932 0.17928932 0.00000000 1.0000
0.23217561 0.16971211 0.00000000 1.0000
0.33866110 0.15448048 0.00000000 1.0000
0.50000001 0.14440031 0.00000000 1.0000
0.66133899 0.15447978 0.00000000 1.0000
0.76782446 0.16971170 0.00000000 1.0000
0.82071068 0.17928932 0.00000000 1.0000
0.26893398 0.26893398 0.00000000 1.0000
0.30502481 0.25456817 0.00000000 1.0000
0.38040313 0.23172072 0.00000000 1.0000
0.49999808 0.21660047 0.00000000 1.0000
0.61959536 0.23171968 0.00000000 1.0000
0.69497521 0.25456754 0.00000000 1.0000
0.73106602 0.26893398 0.00000000 1.0000
0.32869709 0.32869709 0.00000000 1.0000
0.35359094 0.31113888 0.00000000 1.0000
0.40823115 0.28321422 0.00000000 1.0000
0.49999680 0.26473391 0.00000000 1.0000
0.59176627 0.28321294 0.00000000 1.0000
0.64640904 0.31113811 0.00000000 1.0000
0.67130291 0.32869709 0.00000000 1.0000
0.35857864 0.35857864 0.00000000 1.0000
0.37787401 0.33942423 0.00000000 1.0000
0.42214515 0.30896097 0.00000000 1.0000
0.49999616 0.28880063 0.00000000 1.0000
0.57785173 0.30895957 0.00000000 1.0000
0.62212596 0.33942339 0.00000000 1.0000
0.64142136 0.35857864 0.00000000 1.0000
