13
0 0.00000000 0.00000000 0.00000000 0.00000000 0.25000000 0.50000000 0.75000000 1.00000000 1.00000000 1.00000000 1.00000000 1
13
0 0.00000000 0.00000000 0.00000000 0.00000000 0.25000000 0.50000000 0.75000000 1.00000000 1.00000000 1.00000000 1.00000000 1
64
0.35857864 0.64142136 0.00000000 1.0000
0.37304376 0.65582890 0.00000000 1.0000
0.40517400 0.68015660 0.00000000 1.0000
0.46060641 0.70248013 0.00000000 1.0000
0.53937492 0.70248418 0.00000000 1.0000
0.59482593 0.68016305 0.00000000 1.0000
0.62696033 0.65583211 0.00000000 1.0000
0.64142136 0.64142136 0.00000000 1.0000
0.33616748 0.66383252 0.00000000 1.0000
0.35378211 0.67733960 0.00000000 1.0000
0.39186239 0.70014681 0.00000000 1.0000
0.45543854 0.72107512 0.00000000 1.0000
0.54454516 0.72107892 0.00000000 1.0000
0.60813761 0.70015286 0.00000000 1.0000
0.64622150 0.67734261 0.00000000 1.0000
0.66383252 0.66383252 0.00000000 1.0000
0.29134515 0.70865485 0.00000000 1.0000
0.31525881 0.72036098 0.00000000 1.0000
0.36523918 0.74012723 0.00000000 1.0000
0.44510278 0.75826510 0.00000000 1.0000
0.55488565 0.75826840 0.00000000 1.0000
0.63476096 0.74013248 0.00000000 1.0000
0.68474386 0.72036359 0.00000000 1.0000
0.70865485 0.70865485 0.00000000 1.0000
0.22411165 0.77588835 0.00000000 1.0000
0.25747385 0.78489306 0.00000000 1.0000
0.32530436 0.80009787 0.00000000 1.0000
0.42959914 0.81405008 0.00000000 1.0000
0.57039639 0.81405261 0.00000000 1.0000
0.67469600 0.80010191 0.00000000 1.0000
0.74252738 0.78489507 0.00000000 1.0000
0.77588835 0.77588835 0.00000000 1.0000
0.13446699 0.86553301 0.00000000 1.0000
0.18042725 0.87093584 0.00000000 1.0000
0.27205793 0.88005872 0.00000000 1.0000
0.40892762 0.88843005 0.00000000 1.0000
0.59107738 0.88843157 0.00000000 1.0000
0.72794271 0.88006114 0.00000000 1.0000
0.81957209 0.87093704 0.00000000 1.0000
0.86553301 0.86553301 0.00000000 1.0000
0.06723350 0.93276650 0.00000000 1.0000
0.12264229 0.93546792 0.00000000 1.0000
0.23212311 0.94002936 0.00000000 1.0000
0.39342398 0.94421502 0.00000000 1.0000
0.60658812 0.94421578 0.00000000 1.0000
0.76787774 0.94003057 0.00000000 1.0000
0.87735561 0.93546852 0.00000000 1.0000
0.93276650 0.93276650 0.00000000 1.0000
0.02241117 0.97758883 0.00000000 1.0000
0.08411899 0.97848931 0.00000000 1.0000
0.20549990 0.98000979 0.00000000 1.0000
0.38308823 0.98140501 0.00000000 1.0000
0.61692861 0.98140526 0.00000000 1.0000
0.79450110 0.98001019 0.00000000 1.0000
0.91587796 0.97848951 0.00000000 1.0000
0.97758883 0.97758883 0.00000000 1.0000
0.00000000 1.00000000 0.00000000 1.0000
0.06485734 1.00000000 0.00000000 1.0000
0.19218829 1.00000000 0.00000000 1.0000
0.37792035 1.00000000 0.00000000 1.0000
0.62209886 1.00000000 0.00000000 1.0000
0.80781277 1.00000000 0.00000000 1.0000
0.93513914 1.00000000 0.00000000 1.0000
1.00000000 1.00000000 0.00000000 1.0000
