13
0 0.00000000 0.00000000 0.00000000 0.00000000 0.25000000 0.50000000 0.75000000 1.00000000 1.00000000 1.00000000 1.00000000 1
13
0 0.00000000 0.00000000 0.00000000 0.00000000 0.25000000 0.50000000 0.75000000 1.00000000 1.00000000 1.00000000 1.00000000 1
64
0.00000000 0.00000000 0.00000000 1.0000
0.06485807 0.00000000 0.00000000 1.0000
0.19217984 0.00000000 0.00000000 1.0000
0.37790375 0.00000000 0.00000000 1.0000
0.62210198 0.00000000 0.00000000 1.0000
0.80782213 0.00000000 0.00000000 1.0000
0.93514206 0.00000000 0.00000000 1.0000
1.00000000 0.00000000 0.00000000 1.0000
0.02241117 0.02241117 0.00000000 1.0000
0.08412008 0.02151330 0.00000000 1.0000
0.20549287 0.01999340 0.00000000 1.0000
0.38307359 0.01859366 0.00000000 1.0000
0.61693143 0.01859361 0.00000000 1.0000
0.79450887 0.01999332 0.00000000 1.0000
0.91588005 0.02151326 0.00000000 1.0000
0.97758883 0.02241117 0.00000000 1.0000
0.06723350 0.06723350 0.00000000 1.0000
0.12264410 0.06453990 0.00000000 1.0000
0.23211892 0.05998020 0.00000000 1.0000
0.39341327 0.05578097 0.00000000 1.0000
0.60659033 0.05578083 0.00000000 1.0000
0.76788235 0.05997997 0.00000000 1.0000
0.87735601 0.06453978 0.00000000 1.0000
0.93276650 0.06723350 0.00000000 1.0000
0.13446699 0.13446699 0.00000000 1.0000
0.18043012 0.12907980 0.00000000 1.0000
0.27205801 0.11996040 0.00000000 1.0000
0.40892279 0.11156195 0.00000000 1.0000
0.59107868 0.11156165 0.00000000 1.0000
0.72794256 0.11995993 0.00000000 1.0000
0.81956995 0.12907957 0.00000000 1.0000
0.86553301 0.13446699 0.00000000 1.0000
0.22411165 0.22411165 0.00000000 1.0000
0.25747815 0.21513301 0.00000000 1.0000
0.32531012 0.19993401 0.00000000 1.0000
0.42960214 0.18593658 0.00000000 1.0000
0.57039649 0.18593609 0.00000000 1.0000
0.67468951 0.19993322 0.00000000 1.0000
0.74252188 0.21513261 0.00000000 1.0000
0.77588835 0.22411165 0.00000000 1.0000
0.29134515 0.29134515 0.00000000 1.0000
0.31526418 0.27967291 0.00000000 1.0000
0.36524920 0.25991421 0.00000000 1.0000
0.44511166 0.24171755 0.00000000 1.0000
0.55488484 0.24171691 0.00000000 1.0000
0.63474973 0.25991319 0.00000000 1.0000
0.68473582 0.27967240 0.00000000 1.0000
0.70865485 0.29134515 0.00000000 1.0000
0.33616748 0.33616748 0.00000000 1.0000
0.35378819 0.32269951 0.00000000 1.0000
0.39187526 0.29990101 0.00000000 1.0000
0.45545134 0.27890487 0.00000000 1.0000
0.54454374 0.27890413 0.00000000 1.0000
0.60812320 0.29989983 0.00000000 1.0000
0.64621179 0.32269892 0.00000000 1.0000
0.66383252 0.33616748 0.00000000 1.0000
0.35857864 0.35857864 0.00000000 1.0000
0.37305020 0.34421281 0.00000000 1.0000
0.40518829 0.31989441 0.00000000 1.0000
0.46062118 0.29749853 0.00000000 1.0000
0.53937319 0.29749774 0.00000000 1.0000
0.59480994 0.31989316 0.00000000 1.0000
0.62694977 0.34421218 0.00000000 1.0000
0.64142136 0.35857864 0.00000000 1.0000
