11
0 0.00000000 0.00000000 0.00000000 0.00000000 0.50000000 1.00000000 1.00000000 1.00000000 1.00000000 1
11
0 0.00000000 0.00000000 0.00000000 0.00000000 0.50000000 1.00000000 1.00000000 1.00000000 1.00000000 1
36
0.64142136 0.35857864 0.00000000 1.0000
0.68624369 0.31375631 0.00000000 1.0000
0.77588835 0.22411165 0.00000000 1.0000
0.86553301 0.13446699 0.00000000 1.0000
0.95517767 0.04482233 0.00000000 1.0000
1.00000000 0.00000000 0.00000000 1.0000
0.67023288 0.38738770 0.00000000 1.0000
0.71145377 0.35519310 0.00000000 1.0000
0.79389555 0.29080389 0.00000000 1.0000
0.87633733 0.22641468 0.00000000 1.0000
0.95877911 0.16202548 0.00000000 1.0000
1.00000000 0.12983087 0.00000000 1.0000
0.70994046 0.45842677 0.00000000 1.0000
0.74619791 0.44854673 0.00000000 1.0000
0.81871279 0.42878664 0.00000000 1.0000
0.89122767 0.40902656 0.00000000 1.0000
0.96374256 0.38926647 0.00000000 1.0000
1.00000000 0.37938643 0.00000000 1.0000
0.70990979 0.54159801 0.00000000 1.0000
0.74617107 0.55147176 0.00000000 1.0000
0.81869362 0.57121926 0.00000000 1.0000
0.89121617 0.59096676 0.00000000 1.0000
0.96373872 0.61071425 0.00000000 1.0000
1.00000000 0.62058800 0.00000000 1.0000
0.67023844 0.61260437 0.00000000 1.0000
0.71145863 0.64480096 0.00000000 1.0000
0.79389902 0.70919414 0.00000000 1.0000
0.87633941 0.77358731 0.00000000 1.0000
0.95877980 0.83798049 0.00000000 1.0000
1.00000000 0.87017708 0.00000000 1.0000
0.64142136 0.64142136 0.00000000 1.0000
0.68624369 0.68624369 0.00000000 1.0000
0.77588835 0.77588835 0.00000000 1.0000
0.86553301 0.86553301 0.00000000 1.0000
0.95517767 0.95517767 0.00000000 1.0000
1.00000000 1.00000000 0.00000000 1.0000
