10
0 0.00000000 0.00000000 0.00000000 0.00000000 1.00000000 1.00000000 1.00000000 1.00000000 1
10
0 0.00000000 0.00000000 0.00000000 0.00000000 1.00000000 1.00000000 1.00000000 1.00000000 1
25
0.35857864 0.64142136 0.00000000 1.0000
0.41642006 0.69904286 0.00000000 1.0000
0.49996702 0.72080112 0.00000000 1.0000
0.58359615 0.69905583 0.00000000 1.0000
0.64142136 0.64142136 0.00000000 1.0000
0.26893398 0.73106602 0.00000000 1.0000
0.37715473 0.77428214 0.00000000 1.0000
0.49998342 0.79060084 0.00000000 1.0000
0.62285375 0.77429187 0.00000000 1.0000
0.73106602 0.73106602 0.00000000 1.0000
0.17928932 0.82071068 0.00000000 1.0000
0.33788939 0.84952143 0.00000000 1.0000
0.49999982 0.86040056 0.00000000 1.0000
0.66211135 0.84952792 0.00000000 1.0000
0.82071068 0.82071068 0.00000000 1.0000
0.08964466 0.91035534 0.00000000 1.0000
0.29862406 0.92476071 0.00000000 1.0000
0.50001623 0.93020028 0.00000000 1.0000
0.70136896 0.92476396 0.00000000 1.0000
0.91035534 0.91035534 0.00000000 1.0000
0.00000000 1.00000000 0.00000000 1.0000
0.25935873 1.00000000 0.00000000 1.0000
0.50003263 1.00000000 0.00000000 1.0000
0.74062656 1.00000000 0.00000000 1.0000
1.00000000 1.00000000 0.00000000 1.0000
