12
0 0.00000000 0.00000000 0.00000000 0.00000000 0.33333333 0.66666667 1.00000000 1.00000000 1.00000000 1.00000000 1
12
0 0.00000000 0.00000000 0.00000000 0.00000000 0.33333333 0.66666667 1.00000000 1.00000000 1.00000000 1.00000000 1
49
0.35857864 0.64142136 0.00000000 1.0000
0.37786543 0.66063140 0.00000000 1.0000
0.42212829 0.69107407 0.00000000 1.0000
0.49998527 0.71113101 0.00000000 1.0000
0.57786612 0.69108127 0.00000000 1.0000
0.62214003 0.66063567 0.00000000 1.0000
0.64142136 0.64142136 0.00000000 1.0000
0.32869709 0.67130291 0.00000000 1.0000
0.35358300 0.68891211 0.00000000 1.0000
0.40821700 0.71681790 0.00000000 1.0000
0.49998773 0.73520343 0.00000000 1.0000
0.59177842 0.71682450 0.00000000 1.0000
0.64642161 0.68891603 0.00000000 1.0000
0.67130291 0.67130291 0.00000000 1.0000
0.26893398 0.73106602 0.00000000 1.0000
0.30501814 0.74547355 0.00000000 1.0000
0.38039443 0.76830555 0.00000000 1.0000
0.49999266 0.78334826 0.00000000 1.0000
0.61960302 0.76831095 0.00000000 1.0000
0.69498478 0.74547675 0.00000000 1.0000
0.73106602 0.73106602 0.00000000 1.0000
0.17928932 0.82071068 0.00000000 1.0000
0.23217085 0.83031570 0.00000000 1.0000
0.33866056 0.84553704 0.00000000 1.0000
0.50000004 0.85556551 0.00000000 1.0000
0.66133992 0.84554063 0.00000000 1.0000
0.76782954 0.83031784 0.00000000 1.0000
0.82071068 0.82071068 0.00000000 1.0000
0.08964466 0.91035534 0.00000000 1.0000
0.15932356 0.91515785 0.00000000 1.0000
0.29692670 0.92276852 0.00000000 1.0000
0.50000743 0.92778275 0.00000000 1.0000
0.70307682 0.92277032 0.00000000 1.0000
0.84067429 0.91515892 0.00000000 1.0000
0.91035534 0.91035534 0.00000000 1.0000
0.02988155 0.97011845 0.00000000 1.0000
0.11075870 0.97171928 0.00000000 1.0000
0.26910412 0.97425617 0.00000000 1.0000
0.50001235 0.97592758 0.00000000 1.0000
0.73090142 0.97425677 0.00000000 1.0000
0.88923746 0.97171964 0.00000000 1.0000
0.97011845 0.97011845 0.00000000 1.0000
0.00000000 1.00000000 0.00000000 1.0000
0.08647627 1.00000000 0.00000000 1.0000
0.25519283 1.00000000 0.00000000 1.0000
0.50001481 1.00000000 0.00000000 1.0000
0.74481372 1.00000000 0.00000000 1.0000
0.91351904 1.00000000 0.00000000 1.0000
1.00000000 1.00000000 0.00000000 1.0000
