11
0 0.00000000 0.00000000 0.00000000 0.00000000 0.50000000 1.00000000 1.00000000 1.00000000 1.00000000 1
11
0 0.00000000 0.00000000 0.00000000 0.00000000 0.50000000 1.00000000 1.00000000 1.00000000 1.00000000 1
36
0.35857864 0.64142136 0.00000000 1.0000
0.38739563 0.67023844 0.00000000 1.0000
0.45840199 0.70990979 0.00000000 1.0000
0.54157323 0.70994046 0.00000000 1.0000
0.61261230 0.67023288 0.00000000 1.0000
0.64142136 0.64142136 0.00000000 1.0000
0.31375631 0.68624369 0.00000000 1.0000
0.35519904 0.71145863 0.00000000 1.0000
0.44852824 0.74617107 0.00000000 1.0000
0.55145327 0.74619791 0.00000000 1.0000
0.64480690 0.71145377 0.00000000 1.0000
0.68624369 0.68624369 0.00000000 1.0000
0.22411165 0.77588835 0.00000000 1.0000
0.29080586 0.79389902 0.00000000 1.0000
0.42878074 0.81869362 0.00000000 1.0000
0.57121336 0.81871279 0.00000000 1.0000
0.70919611 0.79389555 0.00000000 1.0000
0.77588835 0.77588835 0.00000000 1.0000
0.13446699 0.86553301 0.00000000 1.0000
0.22641269 0.87633941 0.00000000 1.0000
0.40903324 0.89121617 0.00000000 1.0000
0.59097344 0.89122767 0.00000000 1.0000
0.77358532 0.87633733 0.00000000 1.0000
0.86553301 0.86553301 0.00000000 1.0000
0.04482233 0.95517767 0.00000000 1.0000
0.16201951 0.95877980 0.00000000 1.0000
0.38928575 0.96373872 0.00000000 1.0000
0.61073353 0.96374256 0.00000000 1.0000
0.83797452 0.95877911 0.00000000 1.0000
0.95517767 0.95517767 0.00000000 1.0000
0.00000000 1.00000000 0.00000000 1.0000
0.12982292 1.00000000 0.00000000 1.0000
0.37941200 1.00000000 0.00000000 1.0000
0.62061357 1.00000000 0.00000000 1.0000
0.87016913 1.00000000 0.00000000 1.0000
1.00000000 1.00000000 0.00000000 1.0000
