11
0 0.00000000 0.00000000 0.00000000 0.00000000 0.50000000 1.00000000 1.00000000 1.00000000 1.00000000 1
11
0 0.00000000 0.00000000 0.00000000 0.00000000 0.50000000 1.00000000 1.00000000 1.00000000 1.00000000 1
36
0.00000000 0.00000000 0.00000000 1.0000
0.12991757 0.00000000 0.00000000 1.0000
0.37919110 0.00000000 0.00000000 1.0000
0.62081590 0.00000000 0.00000000 1.0000
0.87008271 0.00000000 0.00000000 1.0000
1.00000000 0.00000000 0.00000000 1.0000
0.04482233 0.04482233 0.00000000 1.0000
0.16209242 0.04123149 0.00000000 1.0000
0.38911797 0.03625386 0.00000000 1.0000
0.61088729 0.03625369 0.00000000 1.0000
0.83790782 0.04123134 0.00000000 1.0000
0.95517767 0.04482233 0.00000000 1.0000
0.13446699 0.13446699 0.00000000 1.0000
0.22644211 0.12369448 0.00000000 1.0000
0.40897170 0.10876158 0.00000000 1.0000
0.59103008 0.10876106 0.00000000 1.0000
0.77355804 0.12369403 0.00000000 1.0000
0.86553301 0.13446699 0.00000000 1.0000
0.22411165 0.22411165 0.00000000 1.0000
0.29079180 0.20615747 0.00000000 1.0000
0.42882543 0.18126931 0.00000000 1.0000
0.57117287 0.18126843 0.00000000 1.0000
0.70920827 0.20615672 0.00000000 1.0000
0.77588835 0.22411165 0.00000000 1.0000
0.31375631 0.31375631 0.00000000 1.0000
0.35514149 0.28862045 0.00000000 1.0000
0.44867916 0.25377703 0.00000000 1.0000
0.55131566 0.25377580 0.00000000 1.0000
0.64485850 0.28861941 0.00000000 1.0000
0.68624369 0.31375631 0.00000000 1.0000
0.35857864 0.35857864 0.00000000 1.0000
0.38731633 0.32985194 0.00000000 1.0000
0.45860602 0.29003089 0.00000000 1.0000
0.54138706 0.29002949 0.00000000 1.0000
0.61268361 0.32985076 0.00000000 1.0000
0.64142136 0.35857864 0.00000000 1.0000
