11
0 0.00000000 0.00000000 0.00000000 0.00000000 0.50000000 1.00000000 1.00000000 1.00000000 1.00000000 1
11
0 0.00000000 0.00000000 0.00000000 0.00000000 0.50000000 1.00000000 1.00000000 1.00000000 1.00000000 1
36
0.00000000 0.00000000 0.00000000 1.0000
0.04482233 0.04482233 0.00000000 1.0000
0.13446699 0.13446699 0.00000000 1.0000
0.22411165 0.22411165 0.00000000 1.0000
0.31375631 0.31375631 0.00000000 1.0000
0.35857864 0.35857864 0.00000000 1.0000
0.00000000 0.12970974 0.00000000 1.0000
0.04122052 0.16193447 0.00000000 1.0000
0.12366156 0.22638393 0.00000000 1.0000
0.20610260 0.29083338 0.00000000 1.0000
0.28854363 0.35528284 0.00000000 1.0000
0.32976415 0.38750757 0.00000000 1.0000
0.00000000 0.37963930 0.00000000 1.0000
0.03626004 0.38945658 0.00000000 1.0000
0.10878012 0.40909114 0.00000000 1.0000
0.18130019 0.42872571 0.00000000 1.0000
0.25382027 0.44836027 0.00000000 1.0000
0.29008031 0.45817755 0.00000000 1.0000
0.00000000 0.62038596 0.00000000 1.0000
0.03625922 0.61056241 0.00000000 1.0000
0.10877766 0.59091532 0.00000000 1.0000
0.18129610 0.57126822 0.00000000 1.0000
0.25381455 0.55162113 0.00000000 1.0000
0.29007377 0.54179758 0.00000000 1.0000
0.00000000 0.87028324 0.00000000 1.0000
0.04121972 0.83806041 0.00000000 1.0000
0.12365915 0.77361476 0.00000000 1.0000
0.20609858 0.70916910 0.00000000 1.0000
0.28853802 0.64472345 0.00000000 1.0000
0.32975773 0.61250062 0.00000000 1.0000
0.00000000 1.00000000 0.00000000 1.0000
0.04482233 0.95517767 0.00000000 1.0000
0.13446699 0.86553301 0.00000000 1.0000
0.22411165 0.77588835 0.00000000 1.0000
0.31375631 0.68624369 0.00000000 1.0000
0.35857864 0.64142136 0.00000000 1.0000
