11
0 0.00000000 0.00000000 0.00000000 0.00000000 0.50000000 1.00000000 1.00000000 1.00000000 1.00000000 1
11
0 0.00000000 0.00000000 0.00000000 0.00000000 0.50000000 1.00000000 1.00000000 1.00000000 1.00000000 1
36
0.64142136 0.35857864 0.00000000 1.0000
0.68624369 0.31375631 0.00000000 1.0000
0.77588835 0.22411165 0.00000000 1.0000
0.86553301 0.13446699 0.00000000 1.0000
0.95517767 0.04482233 0.00000000 1.0000
1.00000000 0.00000000 0.00000000 1.0000
0.67024227 0.38749938 0.00000000 1.0000
0.71146198 0.35527655 0.00000000 1.0000
0.79390142 0.29083090 0.00000000 1.0000
0.87634085 0.22638524 0.00000000 1.0000
0.95878028 0.16193959 0.00000000 1.0000
1.00000000 0.12971676 0.00000000 1.0000
0.70992623 0.45820242 0.00000000 1.0000
0.74618545 0.44837887 0.00000000 1.0000
0.81870390 0.42873178 0.00000000 1.0000
0.89122234 0.40908468 0.00000000 1.0000
0.96374078 0.38943759 0.00000000 1.0000
1.00000000 0.37961404 0.00000000 1.0000
0.70991969 0.54182245 0.00000000 1.0000
0.74617973 0.55163973 0.00000000 1.0000
0.81869981 0.57127429 0.00000000 1.0000
0.89121988 0.59090886 0.00000000 1.0000
0.96373996 0.61054342 0.00000000 1.0000
1.00000000 0.62036070 0.00000000 1.0000
0.67023585 0.61249243 0.00000000 1.0000
0.71145637 0.64471716 0.00000000 1.0000
0.79389740 0.70916662 0.00000000 1.0000
0.87633844 0.77361607 0.00000000 1.0000
0.95877948 0.83806553 0.00000000 1.0000
1.00000000 0.87029026 0.00000000 1.0000
0.64142136 0.64142136 0.00000000 1.0000
0.68624369 0.68624369 0.00000000 1.0000
0.77588835 0.77588835 0.00000000 1.0000
0.86553301 0.86553301 0.00000000 1.0000
0.95517767 0.95517767 0.00000000 1.0000
1.00000000 1.00000000 0.00000000 1.0000
