13
0 0.00000000 0.00000000 0.00000000 0.00000000 0.25000000 0.50000000 0.75000000 1.00000000 1.00000000 1.00000000 1.00000000 1
13
0 0.00000000 0.00000000 0.00000000 0.00000000 0.25000000 0.50000000 0.75000000 1.00000000 1.00000000 1.00000000 1.00000000 1
64
0.64142136 0.35857864 0.00000000 1.0000
0.66383252 0.33616748 0.00000000 1.0000
0.70865485 0.29134515 0.00000000 1.0000
0.77588835 0.22411165 0.00000000 1.0000
0.86553301 0.13446699 0.00000000 1.0000
0.93276650 0.06723350 0.00000000 1.0000
0.97758883 0.02241117 0.00000000 1.0000
1.00000000 0.00000000 0.00000000 1.0000
0.65583211 0.37303967 0.00000000 1.0000
0.67734260 0.35377849 0.00000000 1.0000
0.72036359 0.31525614 0.00000000 1.0000
0.78489507 0.25747261 0.00000000 1.0000
0.87093704 0.18042791 0.00000000 1.0000
0.93546852 0.12264438 0.00000000 1.0000
0.97848951 0.08412203 0.00000000 1.0000
1.00000000 0.06486085 0.00000000 1.0000
0.68016305 0.40517407 0.00000000 1.0000
0.70015286 0.39186240 0.00000000 1.0000
0.74013248 0.36523904 0.00000000 1.0000
0.80010191 0.32530401 0.00000000 1.0000
0.88006114 0.27205730 0.00000000 1.0000
0.94003057 0.23212227 0.00000000 1.0000
0.98001019 0.20549891 0.00000000 1.0000
1.00000000 0.19218723 0.00000000 1.0000
0.70248418 0.46062508 0.00000000 1.0000
0.72107892 0.45545484 0.00000000 1.0000
0.75826840 0.44511434 0.00000000 1.0000
0.81405261 0.42960361 0.00000000 1.0000
0.88843157 0.40892262 0.00000000 1.0000
0.94421578 0.39341188 0.00000000 1.0000
0.98140526 0.38307139 0.00000000 1.0000
1.00000000 0.37790114 0.00000000 1.0000
0.70248013 0.53939359 0.00000000 1.0000
0.72107512 0.54456146 0.00000000 1.0000
0.75826510 0.55489722 0.00000000 1.0000
0.81405008 0.57040086 0.00000000 1.0000
0.88843005 0.59107238 0.00000000 1.0000
0.94421502 0.60657601 0.00000000 1.0000
0.98140501 0.61691177 0.00000000 1.0000
1.00000000 0.62207965 0.00000000 1.0000
0.68015659 0.59482600 0.00000000 1.0000
0.70014681 0.60813761 0.00000000 1.0000
0.74012723 0.63476082 0.00000000 1.0000
0.80009787 0.67469564 0.00000000 1.0000
0.88005872 0.72794207 0.00000000 1.0000
0.94002936 0.76787689 0.00000000 1.0000
0.98000979 0.79450011 0.00000000 1.0000
1.00000000 0.80781172 0.00000000 1.0000
0.65582890 0.62695623 0.00000000 1.0000
0.67733960 0.64621789 0.00000000 1.0000
0.72036098 0.68474119 0.00000000 1.0000
0.78489307 0.74252614 0.00000000 1.0000
0.87093584 0.81957275 0.00000000 1.0000
0.93546792 0.87735770 0.00000000 1.0000
0.97848931 0.91588100 0.00000000 1.0000
1.00000000 0.93514265 0.00000000 1.0000
0.64142136 0.64142136 0.00000000 1.0000
0.66383252 0.66383252 0.00000000 1.0000
0.70865485 0.70865485 0.00000000 1.0000
0.77588835 0.77588835 0.00000000 1.0000
0.86553301 0.86553301 0.00000000 1.0000
0.93276650 0.93276650 0.00000000 1.0000
0.97758883 0.97758883 0.00000000 1.0000
1.00000000 1.00000000 0.00000000 1.0000
