13
0 0.00000000 0.00000000 0.00000000 0.00000000 0.25000000 0.50000000 0.75000000 1.00000000 1.00000000 1.00000000 1.00000000 1
13
0 0.00000000 0.00000000 0.00000000 0.00000000 0.25000000 0.50000000 0.75000000 1.00000000 1.00000000 1.00000000 1.00000000 1
64
0.00000000 0.00000000 0.00000000 1.0000
0.02241117 0.02241117 0.00000000 1.0000
0.06723350 0.06723350 0.00000000 1.0000
0.13446699 0.13446699 0.00000000 1.0000
0.22411165 0.22411165 0.00000000 1.0000
0.29134515 0.29134515 0.00000000 1.0000
0.33616748 0.33616748 0.00000000 1.0000
0.35857864 0.35857864 0.00000000 1.0000
0.00000000 0.06485734 0.00000000 1.0000
0.02151069 0.08411899 0.00000000 1.0000
0.06453208 0.12264229 0.00000000 1.0000
0.12906416 0.18042725 0.00000000 1.0000
0.21510694 0.25747385 0.00000000 1.0000
0.27963902 0.31525881 0.00000000 1.0000
0.32266040 0.35378211 0.00000000 1.0000
0.34417110 0.37304376 0.00000000 1.0000
0.00000000 0.19218829 0.00000000 1.0000
0.01999021 0.20549990 0.00000000 1.0000
0.05997064 0.23212311 0.00000000 1.0000
0.11994128 0.27205793 0.00000000 1.0000
0.19990213 0.32530436 0.00000000 1.0000
0.25987277 0.36523918 0.00000000 1.0000
0.29985319 0.39186239 0.00000000 1.0000
0.31984340 0.40517400 0.00000000 1.0000
0.00000000 0.37792035 0.00000000 1.0000
0.01859499 0.38308823 0.00000000 1.0000
0.05578498 0.39342398 0.00000000 1.0000
0.11156995 0.40892762 0.00000000 1.0000
0.18594992 0.42959914 0.00000000 1.0000
0.24173490 0.44510278 0.00000000 1.0000
0.27892488 0.45543854 0.00000000 1.0000
0.29751987 0.46060641 0.00000000 1.0000
0.00000000 0.62209886 0.00000000 1.0000
0.01859474 0.61692861 0.00000000 1.0000
0.05578422 0.60658812 0.00000000 1.0000
0.11156843 0.59107738 0.00000000 1.0000
0.18594739 0.57039639 0.00000000 1.0000
0.24173160 0.55488565 0.00000000 1.0000
0.27892108 0.54454516 0.00000000 1.0000
0.29751582 0.53937492 0.00000000 1.0000
0.00000000 0.80781277 0.00000000 1.0000
0.01998981 0.79450110 0.00000000 1.0000
0.05996943 0.76787774 0.00000000 1.0000
0.11993886 0.72794271 0.00000000 1.0000
0.19989809 0.67469600 0.00000000 1.0000
0.25986752 0.63476096 0.00000000 1.0000
0.29984714 0.60813761 0.00000000 1.0000
0.31983695 0.59482593 0.00000000 1.0000
0.00000000 0.93513914 0.00000000 1.0000
0.02151049 0.91587796 0.00000000 1.0000
0.06453148 0.87735561 0.00000000 1.0000
0.12906296 0.81957209 0.00000000 1.0000
0.21510493 0.74252738 0.00000000 1.0000
0.27963641 0.68474386 0.00000000 1.0000
0.32265739 0.64622150 0.00000000 1.0000
0.34416789 0.62696033 0.00000000 1.0000
0.00000000 1.00000000 0.00000000 1.0000
0.02241117 0.97758883 0.00000000 1.0000
0.06723350 0.93276650 0.00000000 1.0000
0.13446699 0.86553301 0.00000000 1.0000
0.22411165 0.77588835 0.00000000 1.0000
0.29134515 0.70865485 0.00000000 1.0000
0.33616748 0.66383252 0.00000000 1.0000
0.35857864 0.64142136 0.00000000 1.0000
