11
0 0.00000000 0.00000000 0.00000000 0.00000000 0.50000000 1.00000000 1.00000000 1.00000000 1.00000000 1
11
0 0.00000000 0.00000000 0.00000000 0.00000000 0.50000000 1.00000000 1.00000000 1.00000000 1.00000000 1
36
0.00000000 0.00000000 0.00000000 1.0000
0.12971014 0.00000000 0.00000000 1.0000
0.37960762 0.00000000 0.00000000 1.0000
0.62039937 0.00000000 0.00000000 1.0000
0.87029015 0.00000000 0.00000000 1.0000
1.00000000 0.00000000 0.00000000 1.0000
0.04482233 0.04482233 0.00000000 1.0000
0.16193639 0.04123096 0.00000000 1.0000
0.38943140 0.03625419 0.00000000 1.0000
0.61057385 0.03625403 0.00000000 1.0000
0.83806385 0.04123081 0.00000000 1.0000
0.95517767 0.04482233 0.00000000 1.0000
0.13446699 0.13446699 0.00000000 1.0000
0.22638890 0.12369289 0.00000000 1.0000
0.40907896 0.10876257 0.00000000 1.0000
0.59092282 0.10876209 0.00000000 1.0000
0.77361126 0.12369242 0.00000000 1.0000
0.86553301 0.13446699 0.00000000 1.0000
0.22411165 0.22411165 0.00000000 1.0000
0.29084140 0.20615482 0.00000000 1.0000
0.42872651 0.18127094 0.00000000 1.0000
0.57127178 0.18127016 0.00000000 1.0000
0.70915867 0.20615403 0.00000000 1.0000
0.77588835 0.22411165 0.00000000 1.0000
0.31375631 0.31375631 0.00000000 1.0000
0.35529391 0.28861674 0.00000000 1.0000
0.44837407 0.25377932 0.00000000 1.0000
0.55162075 0.25377822 0.00000000 1.0000
0.64470608 0.28861565 0.00000000 1.0000
0.68624369 0.31375631 0.00000000 1.0000
0.35857864 0.35857864 0.00000000 1.0000
0.38752016 0.32984771 0.00000000 1.0000
0.45819785 0.29003351 0.00000000 1.0000
0.54179523 0.29003225 0.00000000 1.0000
0.61247978 0.32984645 0.00000000 1.0000
0.64142136 0.35857864 0.00000000 1.0000
