12
0 0.00000000 0.00000000 0.00000000 0.00000000 0.33333333 0.66666667 1.00000000 1.00000000 1.00000000 1.00000000 1
12
0 0.00000000 0.00000000 0.00000000 0.00000000 0.33333333 0.66666667 1.00000000 1.00000000 1.00000000 1.00000000 1
49
0.64142136 0.35857864 0.00000000 1.0000
0.67130291 0.32869709 0.00000000 1.0000
0.73106602 0.26893398 0.00000000 1.0000
0.82071068 0.17928932 0.00000000 1.0000
0.91035534 0.08964466 0.00000000 1.0000
0.97011845 0.02988155 0.00000000 1.0000
1.00000000 0.00000000 0.00000000 1.0000
0.66063567 0.37785997 0.00000000 1.0000
0.68891603 0.35357839 0.00000000 1.0000
0.74547675 0.30501522 0.00000000 1.0000
0.83031784 0.23217046 0.00000000 1.0000
0.91515892 0.15932571 0.00000000 1.0000
0.97171964 0.11076254 0.00000000 1.0000
1.00000000 0.08648096 0.00000000 1.0000
0.69108127 0.42213388 0.00000000 1.0000
0.71682450 0.40822158 0.00000000 1.0000
0.76831095 0.38039698 0.00000000 1.0000
0.84554063 0.33866008 0.00000000 1.0000
0.92277032 0.29692318 0.00000000 1.0000
0.97425677 0.26909858 0.00000000 1.0000
1.00000000 0.25518628 0.00000000 1.0000
0.71113101 0.50001473 0.00000000 1.0000
0.73520343 0.50001226 0.00000000 1.0000
0.78334826 0.50000734 0.00000000 1.0000
0.85556551 0.49999996 0.00000000 1.0000
0.92778275 0.49999257 0.00000000 1.0000
0.97592758 0.49998765 0.00000000 1.0000
1.00000000 0.49998519 0.00000000 1.0000
0.69107407 0.57787171 0.00000000 1.0000
0.71681790 0.59178300 0.00000000 1.0000
0.76830555 0.61960558 0.00000000 1.0000
0.84553704 0.66133944 0.00000000 1.0000
0.92276852 0.70307330 0.00000000 1.0000
0.97425617 0.73089588 0.00000000 1.0000
1.00000000 0.74480717 0.00000000 1.0000
0.66063140 0.62213457 0.00000000 1.0000
0.68891211 0.64641700 0.00000000 1.0000
0.74547355 0.69498186 0.00000000 1.0000
0.83031570 0.76782915 0.00000000 1.0000
0.91515785 0.84067644 0.00000000 1.0000
0.97171928 0.88924130 0.00000000 1.0000
1.00000000 0.91352372 0.00000000 1.0000
0.64142136 0.64142136 0.00000000 1.0000
0.67130291 0.67130291 0.00000000 1.0000
0.73106602 0.73106602 0.00000000 1.0000
0.82071068 0.82071068 0.00000000 1.0000
0.91035534 0.91035534 0.00000000 1.0000
0.97011845 0.97011845 0.00000000 1.0000
1.00000000 1.00000000 0.00000000 1.0000
