10
0 0.00000000 0.00000000 0.00000000 0.00000000 1.00000000 1.00000000 1.00000000 1.00000000 1
10
0 0.00000000 0.00000000 0.00000000 0.00000000 1.00000000 1.00000000 1.00000000 1.00000000 1
25
0.64142136 0.35857864 0.00000000 1.0000
0.73106602 0.26893398 0.00000000 1.0000
0.82071068 0.17928932 0.00000000 1.0000
0.91035534 0.08964466 0.00000000 1.0000
1.00000000 0.00000000 0.00000000 1.0000
0.69905583 0.41640385 0.00000000 1.0000
0.77429187 0.37714625 0.00000000 1.0000
0.84952792 0.33788865 0.00000000 1.0000
0.92476396 0.29863104 0.00000000 1.0000
1.00000000 0.25937344 0.00000000 1.0000
0.72080112 0.50003298 0.00000000 1.0000
0.79060084 0.50001658 0.00000000 1.0000
0.86040056 0.50000018 0.00000000 1.0000
0.93020028 0.49998377 0.00000000 1.0000
1.00000000 0.49996737 0.00000000 1.0000
0.69904286 0.58357994 0.00000000 1.0000
0.77428214 0.62284527 0.00000000 1.0000
0.84952143 0.66211060 0.00000000 1.0000
0.92476071 0.70137594 0.00000000 1.0000
1.00000000 0.74064127 0.00000000 1.0000
0.64142136 0.64142136 0.00000000 1.0000
0.73106602 0.73106602 0.00000000 1.0000
0.82071068 0.82071068 0.00000000 1.0000
0.91035534 0.91035534 0.00000000 1.0000
1.00000000 1.00000000 0.00000000 1.0000
