10
0 0.00000000 0.00000000 0.00000000 0.00000000 1.00000000 1.00000000 1.00000000 1.00000000 1
10
0 0.00000000 0.00000000 0.00000000 0.00000000 1.00000000 1.00000000 1.00000000 1.00000000 1
25
0.00000000 0.00000000 0.00000000 1.0000
0.25934642 0.00000000 0.00000000 1.0000
0.50000672 0.00000000 0.00000000 1.0000
0.74065414 0.00000000 0.00000000 1.0000
1.00000000 0.00000000 0.00000000 1.0000
0.08964466 0.08964466 0.00000000 1.0000
0.29862023 0.07528146 0.00000000 1.0000
0.50000333 0.06973391 0.00000000 1.0000
0.70138016 0.07528083 0.00000000 1.0000
0.91035534 0.08964466 0.00000000 1.0000
0.17928932 0.17928932 0.00000000 1.0000
0.33789405 0.15056292 0.00000000 1.0000
0.49999993 0.13946782 0.00000000 1.0000
0.66210617 0.15056166 0.00000000 1.0000
0.82071068 0.17928932 0.00000000 1.0000
0.26893398 0.26893398 0.00000000 1.0000
0.37716787 0.22584437 0.00000000 1.0000
0.49999654 0.20920172 0.00000000 1.0000
0.62283218 0.22584249 0.00000000 1.0000
0.73106602 0.26893398 0.00000000 1.0000
0.35857864 0.35857864 0.00000000 1.0000
0.41644168 0.30112583 0.00000000 1.0000
0.49999314 0.27893563 0.00000000 1.0000
0.58355820 0.30112332 0.00000000 1.0000
0.64142136 0.35857864 0.00000000 1.0000
