10
0 0.00000000 0.00000000 0.00000000 0.00000000 1.00000000 1.00000000 1.00000000 1.00000000 1
11
0 0.00000000 0.00000000 0.00000000 0.00000000 0.50000000 1.00000000 1.00000000 1.00000000 1.00000000 1
30
0.00000000 0.50000000 0.00000000 1.0000
0.03750000 0.50000000 0.00000000 1.0000
0.11250000 0.50000000 0.00000000 1.0000
0.18750000 0.50000000 0.00000000 1.0000
0.26250000 0.50000000 0.00000000 1.0000
0.30000000 0.50000000 0.00000000 1.0000
0.00000000 0.61429215 0.00000000 1.0000
0.03745593 0.60457172 0.00000000 1.0000
0.11236779 0.58513085 0.00000000 1.0000
0.18727965 0.56568998 0.00000000 1.0000
0.26219151 0.54624912 0.00000000 1.0000
0.29964744 0.53652868 0.00000000 1.0000
0.00000000 0.73445742 0.00000000 1.0000
0.04203301 0.71319814 0.00000000 1.0000
0.12609903 0.67067956 0.00000000 1.0000
0.21016505 0.62816098 0.00000000 1.0000
0.29423108 0.58564241 0.00000000 1.0000
0.33626409 0.56438312 0.00000000 1.0000
0.00000000 0.86536603 0.00000000 1.0000
0.04626894 0.82957158 0.00000000 1.0000
0.13880681 0.75798268 0.00000000 1.0000
0.23134469 0.68639379 0.00000000 1.0000
0.32388256 0.61480489 0.00000000 1.0000
0.37015150 0.57901045 0.00000000 1.0000
0.00000000 1.00000000 0.00000000 1.0000
0.05131966 0.94868034 0.00000000 1.0000
0.15395898 0.84604102 0.00000000 1.0000
0.25659830 0.74340170 0.00000000 1.0000
0.35923762 0.64076238 0.00000000 1.0000
0.41055728 0.58944272 0.00000000 1.0000
