22
0 0.00000000 0.00000000 0.00000000 0.00000000 0.00000000 0.00000000 0.00000000 0.00000000 0.00000000 0.00000000 1.00000000 1.00000000 1.00000000 1.00000000 1.00000000 1.00000000 1.00000000 1.00000000 1.00000000 1.00000000 1
22
0 0.00000000 0.00000000 0.00000000 0.00000000 0.00000000 0.00000000 0.00000000 0.00000000 0.00000000 0.00000000 1.00000000 1.00000000 1.00000000 1.00000000 1.00000000 1.00000000 1.00000000 1.00000000 1.00000000 1.00000000 1
121
0.00000000 0.00000000 0.00000000 1.0000
0.10261103 0.00000000 0.00000000 1.0000
0.21530249 0.00000000 0.00000000 1.0000
0.29397049 0.00000000 0.00000000 1.0000
0.42324692 0.00000000 0.00000000 1.0000
0.50682964 0.00000000 0.00000000 1.0000
0.56487845 0.00000000 0.00000000 1.0000
0.71363961 0.00000000 0.00000000 1.0000
0.78139579 0.00000000 0.00000000 1.0000
0.89821758 0.00000000 0.00000000 1.0000
1.00000000 0.00000000 0.00000000 1.0000
0.04552786 0.04552786 0.00000000 1.0000
0.13852094 0.04320996 0.00000000 1.0000
0.23927037 0.04579418 0.00000000 1.0000
0.31370190 0.03287190 0.00000000 1.0000
0.42713312 0.05463234 0.00000000 1.0000
0.50549647 0.01999711 0.00000000 1.0000
0.56331032 0.05472528 0.00000000 1.0000
0.69242249 0.03276779 0.00000000 1.0000
0.75807326 0.04584495 0.00000000 1.0000
0.86214581 0.04319499 0.00000000 1.0000
0.95447214 0.04552786 0.00000000 1.0000
0.09105573 0.09105573 0.00000000 1.0000
0.17443084 0.08641992 0.00000000 1.0000
0.26323824 0.09158835 0.00000000 1.0000
0.33343331 0.06574380 0.00000000 1.0000
0.43101931 0.10926467 0.00000000 1.0000
0.50416331 0.03999422 0.00000000 1.0000
0.56174219 0.10945056 0.00000000 1.0000
0.67120537 0.06553558 0.00000000 1.0000
0.73475073 0.09168990 0.00000000 1.0000
0.82607405 0.08638999 0.00000000 1.0000
0.90894427 0.09105573 0.00000000 1.0000
0.13658359 0.13658359 0.00000000 1.0000
0.21034074 0.12962988 0.00000000 1.0000
0.28720612 0.13738253 0.00000000 1.0000
0.35316472 0.09861570 0.00000000 1.0000
0.43490550 0.16389701 0.00000000 1.0000
0.50283015 0.05999133 0.00000000 1.0000
0.56017406 0.16417584 0.00000000 1.0000
0.64998825 0.09830337 0.00000000 1.0000
0.71142820 0.13753485 0.00000000 1.0000
0.79000229 0.12958498 0.00000000 1.0000
0.86341641 0.13658359 0.00000000 1.0000
0.18211146 0.18211146 0.00000000 1.0000
0.24625065 0.17283984 0.00000000 1.0000
0.31117399 0.18317671 0.00000000 1.0000
0.37289614 0.13148759 0.00000000 1.0000
0.43879169 0.21852934 0.00000000 1.0000
0.50149699 0.07998845 0.00000000 1.0000
0.55860593 0.21890112 0.00000000 1.0000
0.62877113 0.13107116 0.00000000 1.0000
0.68810567 0.18337980 0.00000000 1.0000
0.75393052 0.17277997 0.00000000 1.0000
0.81788854 0.18211146 0.00000000 1.0000
0.22763932 0.22763932 0.00000000 1.0000
0.28216055 0.21604980 0.00000000 1.0000
0.33514187 0.22897089 0.00000000 1.0000
0.39262755 0.16435949 0.00000000 1.0000
0.44267789 0.27316168 0.00000000 1.0000
0.50016383 0.09998556 0.00000000 1.0000
0.55703779 0.27362640 0.00000000 1.0000
0.60755401 0.16383896 0.00000000 1.0000
0.66478314 0.22922475 0.00000000 1.0000
0.71785876 0.21597497 0.00000000 1.0000
0.77236068 0.22763932 0.00000000 1.0000
0.27316718 0.27316718 0.00000000 1.0000
0.31807046 0.25925976 0.00000000 1.0000
0.35910974 0.27476506 0.00000000 1.0000
0.41235896 0.19723139 0.00000000 1.0000
0.44656408 0.32779401 0.00000000 1.0000
0.49883067 0.11998267 0.00000000 1.0000
0.55546966 0.32835168 0.00000000 1.0000
0.58633689 0.19660675 0.00000000 1.0000
0.64146061 0.27506970 0.00000000 1.0000
0.68178700 0.25916996 0.00000000 1.0000
0.72683282 0.27316718 0.00000000 1.0000
0.31869505 0.31869505 0.00000000 1.0000
0.35398036 0.30246972 0.00000000 1.0000
0.38307762 0.32055924 0.00000000 1.0000
0.43209037 0.23010329 0.00000000 1.0000
0.45045027 0.38242635 0.00000000 1.0000
0.49749751 0.13997978 0.00000000 1.0000
0.55390153 0.38307696 0.00000000 1.0000
0.56511976 0.22937454 0.00000000 1.0000
0.61813808 0.32091465 0.00000000 1.0000
0.64571523 0.30236495 0.00000000 1.0000
0.68130495 0.31869505 0.00000000 1.0000
0.36422291 0.36422291 0.00000000 1.0000
0.38989026 0.34567968 0.00000000 1.0000
0.40704549 0.36635342 0.00000000 1.0000
0.45182178 0.26297519 0.00000000 1.0000
0.45433646 0.43705868 0.00000000 1.0000
0.49616435 0.15997689 0.00000000 1.0000
0.55233340 0.43780224 0.00000000 1.0000
0.54390264 0.26214233 0.00000000 1.0000
0.59481555 0.36675960 0.00000000 1.0000
0.60964347 0.34555994 0.00000000 1.0000
0.63577709 0.36422291 0.00000000 1.0000
0.40975078 0.40975078 0.00000000 1.0000
0.42580017 0.38888964 0.00000000 1.0000
0.43101337 0.41214760 0.00000000 1.0000
0.47155319 0.29584709 0.00000000 1.0000
0.45822265 0.49169102 0.00000000 1.0000
0.49483118 0.17997401 0.00000000 1.0000
0.55076527 0.49252751 0.00000000 1.0000
0.52268552 0.29491012 0.00000000 1.0000
0.57149302 0.41260455 0.00000000 1.0000
0.57357171 0.38875494 0.00000000 1.0000
0.59024922 0.40975078 0.00000000 1.0000
0.45527864 0.45527864 0.00000000 1.0000
0.46171007 0.43209960 0.00000000 1.0000
0.45498125 0.45794177 0.00000000 1.0000
0.49128460 0.32871898 0.00000000 1.0000
0.46210885 0.54632336 0.00000000 1.0000
0.49349802 0.19997112 0.00000000 1.0000
0.54919714 0.54725279 0.00000000 1.0000
0.50146840 0.32767791 0.00000000 1.0000
0.54817049 0.45844950 0.00000000 1.0000
0.53749994 0.43194993 0.00000000 1.0000
0.54472136 0.45527864 0.00000000 1.0000
