22
0 0.00000000 0.00000000 0.00000000 0.00000000 0.00000000 0.00000000 0.00000000 0.00000000 0.00000000 0.00000000 1.00000000 1.00000000 1.00000000 1.00000000 1.00000000 1.00000000 1.00000000 1.00000000 1.00000000 1.00000000 1
22
0 0.00000000 0.00000000 0.00000000 0.00000000 0.00000000 0.00000000 0.00000000 0.00000000 0.00000000 0.00000000 1.00000000 1.00000000 1.00000000 1.00000000 1.00000000 1.00000000 1.00000000 1.00000000 1.00000000 1.00000000 1
121
1.00000000 1.00000000 0.00000000 1.0000
0.89639361 1.00000000 0.00000000 1.0000
0.79418644 1.00000000 0.00000000 1.0000
0.69278814 1.00000000 0.00000000 1.0000
0.59467921 1.00000000 0.00000000 1.0000
0.49154317 1.00000000 0.00000000 1.0000
0.40503239 1.00000000 0.00000000 1.0000
0.29154780 1.00000000 0.00000000 1.0000
0.22320386 1.00000000 0.00000000 1.0000
0.10885962 1.00000000 0.00000000 1.0000
0.00000000 1.00000000 0.00000000 1.0000
0.95725568 0.95725568 0.00000000 1.0000
0.86244242 0.95970035 0.00000000 1.0000
0.76878071 0.96123339 0.00000000 1.0000
0.67554427 0.96507361 0.00000000 1.0000
0.58529776 0.96309193 0.00000000 1.0000
0.49042892 0.97065430 0.00000000 1.0000
0.40933092 0.96438762 0.00000000 1.0000
0.30651936 0.97233730 0.00000000 1.0000
0.23905982 0.96770092 0.00000000 1.0000
0.13604312 0.96593718 0.00000000 1.0000
0.03709523 0.96290477 0.00000000 1.0000
0.91451136 0.91451136 0.00000000 1.0000
0.82849123 0.91940070 0.00000000 1.0000
0.74337498 0.92246678 0.00000000 1.0000
0.65830039 0.93014721 0.00000000 1.0000
0.57591631 0.92618385 0.00000000 1.0000
0.48931467 0.94130859 0.00000000 1.0000
0.41362946 0.92877524 0.00000000 1.0000
0.32149091 0.94467460 0.00000000 1.0000
0.25491579 0.93540183 0.00000000 1.0000
0.16322662 0.93187436 0.00000000 1.0000
0.07419045 0.92580955 0.00000000 1.0000
0.87176704 0.87176704 0.00000000 1.0000
0.79454004 0.87910106 0.00000000 1.0000
0.71796925 0.88370017 0.00000000 1.0000
0.64105652 0.89522082 0.00000000 1.0000
0.56653486 0.88927578 0.00000000 1.0000
0.48820043 0.91196289 0.00000000 1.0000
0.41792800 0.89316287 0.00000000 1.0000
0.33646246 0.91701191 0.00000000 1.0000
0.27077176 0.90310275 0.00000000 1.0000
0.19041012 0.89781154 0.00000000 1.0000
0.11128568 0.88871432 0.00000000 1.0000
0.82902272 0.82902272 0.00000000 1.0000
0.76058885 0.83880141 0.00000000 1.0000
0.69256352 0.84493356 0.00000000 1.0000
0.62381265 0.86029442 0.00000000 1.0000
0.55715341 0.85236770 0.00000000 1.0000
0.48708618 0.88261718 0.00000000 1.0000
0.42222653 0.85755049 0.00000000 1.0000
0.35143402 0.88934921 0.00000000 1.0000
0.28662773 0.87080367 0.00000000 1.0000
0.21759363 0.86374872 0.00000000 1.0000
0.14838091 0.85161909 0.00000000 1.0000
0.78627840 0.78627840 0.00000000 1.0000
0.72663766 0.79850176 0.00000000 1.0000
0.66715779 0.80616694 0.00000000 1.0000
0.60656877 0.82536803 0.00000000 1.0000
0.54777196 0.81545963 0.00000000 1.0000
0.48597193 0.85327148 0.00000000 1.0000
0.42652507 0.82193811 0.00000000 1.0000
0.36640557 0.86168651 0.00000000 1.0000
0.30248370 0.83850458 0.00000000 1.0000
0.24477713 0.82968590 0.00000000 1.0000
0.18547613 0.81452387 0.00000000 1.0000
0.74353409 0.74353409 0.00000000 1.0000
0.69268647 0.75820211 0.00000000 1.0000
0.64175206 0.76740033 0.00000000 1.0000
0.58932490 0.79044164 0.00000000 1.0000
0.53839051 0.77855155 0.00000000 1.0000
0.48485769 0.82392577 0.00000000 1.0000
0.43082360 0.78632573 0.00000000 1.0000
0.38137712 0.83402381 0.00000000 1.0000
0.31833967 0.80620550 0.00000000 1.0000
0.27196063 0.79562308 0.00000000 1.0000
0.22257136 0.77742864 0.00000000 1.0000
0.70078977 0.70078977 0.00000000 1.0000
0.65873528 0.71790247 0.00000000 1.0000
0.61634633 0.72863372 0.00000000 1.0000
0.57208102 0.75551524 0.00000000 1.0000
0.52900906 0.74164348 0.00000000 1.0000
0.48374344 0.79458007 0.00000000 1.0000
0.43512214 0.75071335 0.00000000 1.0000
0.39634867 0.80636111 0.00000000 1.0000
0.33419564 0.77390642 0.00000000 1.0000
0.29914413 0.76156026 0.00000000 1.0000
0.25966659 0.74033341 0.00000000 1.0000
0.65804545 0.65804545 0.00000000 1.0000
0.62478409 0.67760282 0.00000000 1.0000
0.59094059 0.68986711 0.00000000 1.0000
0.55483715 0.72058885 0.00000000 1.0000
0.51962761 0.70473540 0.00000000 1.0000
0.48262919 0.76523436 0.00000000 1.0000
0.43942067 0.71510098 0.00000000 1.0000
0.41132023 0.77869841 0.00000000 1.0000
0.35005160 0.74160734 0.00000000 1.0000
0.32632764 0.72749744 0.00000000 1.0000
0.29676181 0.70323819 0.00000000 1.0000
0.61530113 0.61530113 0.00000000 1.0000
0.59083290 0.63730317 0.00000000 1.0000
0.56553486 0.65110050 0.00000000 1.0000
0.53759328 0.68566246 0.00000000 1.0000
0.51024616 0.66782733 0.00000000 1.0000
0.48151495 0.73588866 0.00000000 1.0000
0.44371921 0.67948860 0.00000000 1.0000
0.42629178 0.75103572 0.00000000 1.0000
0.36590757 0.70930825 0.00000000 1.0000
0.35351114 0.69343462 0.00000000 1.0000
0.33385704 0.66614296 0.00000000 1.0000
0.57255681 0.57255681 0.00000000 1.0000
0.55688171 0.59700352 0.00000000 1.0000
0.54012913 0.61233389 0.00000000 1.0000
0.52034940 0.65073606 0.00000000 1.0000
0.50086470 0.63091925 0.00000000 1.0000
0.48040070 0.70654296 0.00000000 1.0000
0.44801774 0.64387622 0.00000000 1.0000
0.44126333 0.72337302 0.00000000 1.0000
0.38176354 0.67700917 0.00000000 1.0000
0.38069464 0.65937180 0.00000000 1.0000
0.37095227 0.62904773 0.00000000 1.0000
