22
0 0.00000000 0.00000000 0.00000000 0.00000000 0.00000000 0.00000000 0.00000000 0.00000000 0.00000000 0.00000000 1.00000000 1.00000000 1.00000000 1.00000000 1.00000000 1.00000000 1.00000000 1.00000000 1.00000000 1.00000000 1
22
0 0.00000000 0.00000000 0.00000000 0.00000000 0.00000000 0.00000000 0.00000000 0.00000000 0.00000000 0.00000000 1.00000000 1.00000000 1.00000000 1.00000000 1.00000000 1.00000000 1.00000000 1.00000000 1.00000000 1.00000000 1
121
1.00000000 0.00000000 0.00000000 1.0000
1.00000000 0.10015917 0.00000000 1.0000
1.00000000 0.20022804 0.00000000 1.0000
1.00000000 0.30013536 0.00000000 1.0000
1.00000000 0.40008221 0.00000000 1.0000
1.00000000 0.49999660 0.00000000 1.0000
1.00000000 0.59991906 0.00000000 1.0000
1.00000000 0.69986000 0.00000000 1.0000
1.00000000 0.79977186 0.00000000 1.0000
1.00000000 0.89983998 0.00000000 1.0000
1.00000000 1.00000000 0.00000000 1.0000
0.95447214 0.04552786 0.00000000 1.0000
0.95469211 0.13654811 0.00000000 1.0000
0.95485078 0.22749726 0.00000000 1.0000
0.95498198 0.31831774 0.00000000 1.0000
0.95500264 0.40917068 0.00000000 1.0000
0.95509550 0.49999695 0.00000000 1.0000
0.95500262 0.59083090 0.00000000 1.0000
0.95498195 0.68167819 0.00000000 1.0000
0.95485076 0.77250281 0.00000000 1.0000
0.95469210 0.86345117 0.00000000 1.0000
0.95447214 0.95447214 0.00000000 1.0000
0.90894427 0.09105573 0.00000000 1.0000
0.90938422 0.17293705 0.00000000 1.0000
0.90970155 0.25476649 0.00000000 1.0000
0.90996396 0.33650012 0.00000000 1.0000
0.91000528 0.41825915 0.00000000 1.0000
0.91019100 0.49999731 0.00000000 1.0000
0.91000525 0.58174275 0.00000000 1.0000
0.90996390 0.66349638 0.00000000 1.0000
0.90970152 0.74523375 0.00000000 1.0000
0.90938419 0.82706236 0.00000000 1.0000
0.90894427 0.90894427 0.00000000 1.0000
0.86341641 0.13658359 0.00000000 1.0000
0.86407634 0.20932600 0.00000000 1.0000
0.86455233 0.28203572 0.00000000 1.0000
0.86494595 0.35468250 0.00000000 1.0000
0.86500792 0.42734761 0.00000000 1.0000
0.86528650 0.49999766 0.00000000 1.0000
0.86500787 0.57265459 0.00000000 1.0000
0.86494586 0.64531456 0.00000000 1.0000
0.86455228 0.71796470 0.00000000 1.0000
0.86407629 0.79067355 0.00000000 1.0000
0.86341641 0.86341641 0.00000000 1.0000
0.81788854 0.18211146 0.00000000 1.0000
0.81876845 0.24571494 0.00000000 1.0000
0.81940310 0.30930494 0.00000000 1.0000
0.81992793 0.37286488 0.00000000 1.0000
0.82001056 0.43643608 0.00000000 1.0000
0.82038200 0.49999802 0.00000000 1.0000
0.82001049 0.56356644 0.00000000 1.0000
0.81992781 0.62713275 0.00000000 1.0000
0.81940304 0.69069564 0.00000000 1.0000
0.81876838 0.75428474 0.00000000 1.0000
0.81788854 0.81788854 0.00000000 1.0000
0.77236068 0.22763932 0.00000000 1.0000
0.77346056 0.28210388 0.00000000 1.0000
0.77425388 0.33657417 0.00000000 1.0000
0.77490991 0.39104726 0.00000000 1.0000
0.77501320 0.44552455 0.00000000 1.0000
0.77547750 0.49999837 0.00000000 1.0000
0.77501311 0.55447829 0.00000000 1.0000
0.77490976 0.60895094 0.00000000 1.0000
0.77425380 0.66342659 0.00000000 1.0000
0.77346048 0.71789593 0.00000000 1.0000
0.77236068 0.77236068 0.00000000 1.0000
0.72683282 0.27316718 0.00000000 1.0000
0.72815267 0.31849283 0.00000000 1.0000
0.72910466 0.36384339 0.00000000 1.0000
0.72989189 0.40922964 0.00000000 1.0000
0.73001584 0.45461301 0.00000000 1.0000
0.73057300 0.49999872 0.00000000 1.0000
0.73001574 0.54539013 0.00000000 1.0000
0.72989171 0.59076912 0.00000000 1.0000
0.72910456 0.63615753 0.00000000 1.0000
0.72815258 0.68150713 0.00000000 1.0000
0.72683282 0.72683282 0.00000000 1.0000
0.68130495 0.31869505 0.00000000 1.0000
0.68284478 0.35488177 0.00000000 1.0000
0.68395543 0.39111262 0.00000000 1.0000
0.68487387 0.42741202 0.00000000 1.0000
0.68501847 0.46370148 0.00000000 1.0000
0.68566850 0.49999908 0.00000000 1.0000
0.68501836 0.53630198 0.00000000 1.0000
0.68487366 0.57258731 0.00000000 1.0000
0.68395532 0.60888848 0.00000000 1.0000
0.68284467 0.64511832 0.00000000 1.0000
0.68130495 0.68130495 0.00000000 1.0000
0.63577709 0.36422291 0.00000000 1.0000
0.63753690 0.39127071 0.00000000 1.0000
0.63880621 0.41838185 0.00000000 1.0000
0.63985586 0.44559440 0.00000000 1.0000
0.64002111 0.47278995 0.00000000 1.0000
0.64076400 0.49999943 0.00000000 1.0000
0.64002098 0.52721383 0.00000000 1.0000
0.63985561 0.55440550 0.00000000 1.0000
0.63880608 0.58161943 0.00000000 1.0000
0.63753677 0.60872951 0.00000000 1.0000
0.63577709 0.63577709 0.00000000 1.0000
0.59024922 0.40975078 0.00000000 1.0000
0.59222901 0.42765966 0.00000000 1.0000
0.59365698 0.44565107 0.00000000 1.0000
0.59483784 0.46377678 0.00000000 1.0000
0.59502375 0.48187841 0.00000000 1.0000
0.59585950 0.49999978 0.00000000 1.0000
0.59502360 0.51812567 0.00000000 1.0000
0.59483757 0.53622368 0.00000000 1.0000
0.59365684 0.55435037 0.00000000 1.0000
0.59222887 0.57234070 0.00000000 1.0000
0.59024922 0.59024922 0.00000000 1.0000
0.54472136 0.45527864 0.00000000 1.0000
0.54692112 0.46404860 0.00000000 1.0000
0.54850776 0.47292030 0.00000000 1.0000
0.54981982 0.48195916 0.00000000 1.0000
0.55002639 0.49096688 0.00000000 1.0000
0.55095500 0.50000014 0.00000000 1.0000
0.55002623 0.50903752 0.00000000 1.0000
0.54981952 0.51804187 0.00000000 1.0000
0.54850760 0.52708132 0.00000000 1.0000
0.54692096 0.53595189 0.00000000 1.0000
0.54472136 0.54472136 0.00000000 1.0000
