22
0 0.00000000 0.00000000 0.00000000 0.00000000 0.00000000 0.00000000 0.00000000 0.00000000 0.00000000 0.00000000 1.00000000 1.00000000 1.00000000 1.00000000 1.00000000 1.00000000 1.00000000 1.00000000 1.00000000 1.00000000 1
22
0 0.00000000 0.00000000 0.00000000 0.00000000 0.00000000 0.00000000 0.00000000 0.00000000 0.00000000 0.00000000 1.00000000 1.00000000 1.00000000 1.00000000 1.00000000 1.00000000 1.00000000 1.00000000 1.00000000 1.00000000 1
121
1.00000000 1.00000000 0.00000000 1.0000
0.89738897 1.00000000 0.00000000 1.0000
0.78469751 1.00000000 0.00000000 1.0000
0.70602951 1.00000000 0.00000000 1.0000
0.57675308 1.00000000 0.00000000 1.0000
0.49317036 1.00000000 0.00000000 1.0000
0.43512155 1.00000000 0.00000000 1.0000
0.28636039 1.00000000 0.00000000 1.0000
0.21860421 1.00000000 0.00000000 1.0000
0.10178242 1.00000000 0.00000000 1.0000
0.00000000 1.00000000 0.00000000 1.0000
0.95447214 0.95447214 0.00000000 1.0000
0.86147906 0.95679004 0.00000000 1.0000
0.76072963 0.95420582 0.00000000 1.0000
0.68629810 0.96712810 0.00000000 1.0000
0.57286688 0.94536766 0.00000000 1.0000
0.49450353 0.98000289 0.00000000 1.0000
0.43668968 0.94527472 0.00000000 1.0000
0.30757751 0.96723221 0.00000000 1.0000
0.24192674 0.95415505 0.00000000 1.0000
0.13785419 0.95680501 0.00000000 1.0000
0.04552786 0.95447214 0.00000000 1.0000
0.90894427 0.90894427 0.00000000 1.0000
0.82556916 0.91358008 0.00000000 1.0000
0.73676176 0.90841165 0.00000000 1.0000
0.66656669 0.93425620 0.00000000 1.0000
0.56898069 0.89073533 0.00000000 1.0000
0.49583669 0.96000578 0.00000000 1.0000
0.43825781 0.89054944 0.00000000 1.0000
0.32879463 0.93446442 0.00000000 1.0000
0.26524927 0.90831010 0.00000000 1.0000
0.17392595 0.91361001 0.00000000 1.0000
0.09105573 0.90894427 0.00000000 1.0000
0.86341641 0.86341641 0.00000000 1.0000
0.78965926 0.87037012 0.00000000 1.0000
0.71279388 0.86261747 0.00000000 1.0000
0.64683528 0.90138431 0.00000000 1.0000
0.56509450 0.83610299 0.00000000 1.0000
0.49716985 0.94000867 0.00000000 1.0000
0.43982594 0.83582416 0.00000000 1.0000
0.35001175 0.90169663 0.00000000 1.0000
0.28857180 0.86246515 0.00000000 1.0000
0.20999771 0.87041502 0.00000000 1.0000
0.13658359 0.86341641 0.00000000 1.0000
0.81788854 0.81788854 0.00000000 1.0000
0.75374935 0.82716016 0.00000000 1.0000
0.68882601 0.81682329 0.00000000 1.0000
0.62710386 0.86851241 0.00000000 1.0000
0.56120831 0.78147066 0.00000000 1.0000
0.49850301 0.92001155 0.00000000 1.0000
0.44139407 0.78109888 0.00000000 1.0000
0.37122887 0.86892884 0.00000000 1.0000
0.31189433 0.81662020 0.00000000 1.0000
0.24606948 0.82722003 0.00000000 1.0000
0.18211146 0.81788854 0.00000000 1.0000
0.77236068 0.77236068 0.00000000 1.0000
0.71783945 0.78395020 0.00000000 1.0000
0.66485813 0.77102911 0.00000000 1.0000
0.60737245 0.83564051 0.00000000 1.0000
0.55732211 0.72683832 0.00000000 1.0000
0.49983617 0.90001444 0.00000000 1.0000
0.44296220 0.72637360 0.00000000 1.0000
0.39244599 0.83616104 0.00000000 1.0000
0.33521686 0.77077525 0.00000000 1.0000
0.28214124 0.78402503 0.00000000 1.0000
0.22763932 0.77236068 0.00000000 1.0000
0.72683282 0.72683282 0.00000000 1.0000
0.68192954 0.74074024 0.00000000 1.0000
0.64089026 0.72523494 0.00000000 1.0000
0.58764104 0.80276861 0.00000000 1.0000
0.55343592 0.67220599 0.00000000 1.0000
0.50116933 0.88001733 0.00000000 1.0000
0.44453034 0.67164832 0.00000000 1.0000
0.41366311 0.80339325 0.00000000 1.0000
0.35853939 0.72493030 0.00000000 1.0000
0.31821300 0.74083004 0.00000000 1.0000
0.27316718 0.72683282 0.00000000 1.0000
0.68130495 0.68130495 0.00000000 1.0000
0.64601964 0.69753028 0.00000000 1.0000
0.61692238 0.67944076 0.00000000 1.0000
0.56790963 0.76989671 0.00000000 1.0000
0.54954973 0.61757365 0.00000000 1.0000
0.50250249 0.86002022 0.00000000 1.0000
0.44609847 0.61692304 0.00000000 1.0000
0.43488024 0.77062546 0.00000000 1.0000
0.38186192 0.67908535 0.00000000 1.0000
0.35428477 0.69763505 0.00000000 1.0000
0.31869505 0.68130495 0.00000000 1.0000
0.63577709 0.63577709 0.00000000 1.0000
0.61010974 0.65432032 0.00000000 1.0000
0.59295451 0.63364658 0.00000000 1.0000
0.54817822 0.73702481 0.00000000 1.0000
0.54566354 0.56294132 0.00000000 1.0000
0.50383565 0.84002311 0.00000000 1.0000
0.44766660 0.56219777 0.00000000 1.0000
0.45609736 0.73785767 0.00000000 1.0000
0.40518445 0.63324040 0.00000000 1.0000
0.39035653 0.65444006 0.00000000 1.0000
0.36422291 0.63577709 0.00000000 1.0000
0.59024922 0.59024922 0.00000000 1.0000
0.57419983 0.61111036 0.00000000 1.0000
0.56898663 0.58785240 0.00000000 1.0000
0.52844681 0.70415291 0.00000000 1.0000
0.54177735 0.50830898 0.00000000 1.0000
0.50516882 0.82002600 0.00000000 1.0000
0.44923473 0.50747249 0.00000000 1.0000
0.47731448 0.70508988 0.00000000 1.0000
0.42850698 0.58739545 0.00000000 1.0000
0.42642829 0.61124506 0.00000000 1.0000
0.40975078 0.59024922 0.00000000 1.0000
0.54472136 0.54472136 0.00000000 1.0000
0.53828993 0.56790040 0.00000000 1.0000
0.54501875 0.54205823 0.00000000 1.0000
0.50871540 0.67128102 0.00000000 1.0000
0.53789115 0.45367664 0.00000000 1.0000
0.50650198 0.80002888 0.00000000 1.0000
0.45080286 0.45274721 0.00000000 1.0000
0.49853160 0.67232209 0.00000000 1.0000
0.45182951 0.54155050 0.00000000 1.0000
0.46250006 0.56805007 0.00000000 1.0000
0.45527864 0.54472136 0.00000000 1.0000
