22
0 0.00000000 0.00000000 0.00000000 0.00000000 0.00000000 0.00000000 0.00000000 0.00000000 0.00000000 0.00000000 1.00000000 1.00000000 1.00000000 1.00000000 1.00000000 1.00000000 1.00000000 1.00000000 1.00000000 1.00000000 1
22
0 0.00000000 0.00000000 0.00000000 0.00000000 0.00000000 0.00000000 0.00000000 0.00000000 0.00000000 0.00000000 1.00000000 1.00000000 1.00000000 1.00000000 1.00000000 1.00000000 1.00000000 1.00000000 1.00000000 1.00000000 1
121
0.00000000 1.00000000 0.00000000 1.0000
0.00000000 0.89769302 0.00000000 1.0000
0.00000000 0.79488686 0.00000000 1.0000
0.00000000 0.69725436 0.00000000 1.0000
0.00000000 0.59395539 0.00000000 1.0000
0.00000000 0.49952001 0.00000000 1.0000
0.00000000 0.40682184 0.00000000 1.0000
0.00000000 0.30235499 0.00000000 1.0000
0.00000000 0.20522165 0.00000000 1.0000
0.00000000 0.10227152 0.00000000 1.0000
0.00000000 0.00000000 0.00000000 1.0000
0.07853210 0.95512452 0.00000000 1.0000
0.07737119 0.86227764 0.00000000 1.0000
0.07664430 0.76905019 0.00000000 1.0000
0.07490657 0.67986918 0.00000000 1.0000
0.07592856 0.58628826 0.00000000 1.0000
0.07274293 0.49961964 0.00000000 1.0000
0.07591351 0.41432698 0.00000000 1.0000
0.07492742 0.31982287 0.00000000 1.0000
0.07663034 0.23103436 0.00000000 1.0000
0.07737335 0.13769440 0.00000000 1.0000
0.07853210 0.04487548 0.00000000 1.0000
0.15706419 0.91024903 0.00000000 1.0000
0.15474238 0.82686225 0.00000000 1.0000
0.15328859 0.74321352 0.00000000 1.0000
0.14981315 0.66248400 0.00000000 1.0000
0.15185711 0.57862114 0.00000000 1.0000
0.14548586 0.49971926 0.00000000 1.0000
0.15182703 0.42183212 0.00000000 1.0000
0.14985483 0.33729074 0.00000000 1.0000
0.15326067 0.25684708 0.00000000 1.0000
0.15474669 0.17311728 0.00000000 1.0000
0.15706419 0.08975097 0.00000000 1.0000
0.23559629 0.86537355 0.00000000 1.0000
0.23211357 0.79144687 0.00000000 1.0000
0.22993289 0.71737685 0.00000000 1.0000
0.22471972 0.64509882 0.00000000 1.0000
0.22778567 0.57095401 0.00000000 1.0000
0.21822879 0.49981888 0.00000000 1.0000
0.22774054 0.42933726 0.00000000 1.0000
0.22478225 0.35475862 0.00000000 1.0000
0.22989101 0.28265980 0.00000000 1.0000
0.23212004 0.20854016 0.00000000 1.0000
0.23559629 0.13462645 0.00000000 1.0000
0.31412839 0.82049806 0.00000000 1.0000
0.30948476 0.75603148 0.00000000 1.0000
0.30657719 0.69154018 0.00000000 1.0000
0.29962629 0.62771363 0.00000000 1.0000
0.30371422 0.56328688 0.00000000 1.0000
0.29097172 0.49991850 0.00000000 1.0000
0.30365406 0.43684240 0.00000000 1.0000
0.29970967 0.37222650 0.00000000 1.0000
0.30652135 0.30847251 0.00000000 1.0000
0.30949338 0.24396304 0.00000000 1.0000
0.31412839 0.17950194 0.00000000 1.0000
0.39266049 0.77562258 0.00000000 1.0000
0.38685595 0.72061610 0.00000000 1.0000
0.38322148 0.66570350 0.00000000 1.0000
0.37453287 0.61032845 0.00000000 1.0000
0.37964278 0.55561976 0.00000000 1.0000
0.36371465 0.50001812 0.00000000 1.0000
0.37956757 0.44434754 0.00000000 1.0000
0.37463709 0.38969437 0.00000000 1.0000
0.38315169 0.33428523 0.00000000 1.0000
0.38686673 0.27938592 0.00000000 1.0000
0.39266049 0.22437742 0.00000000 1.0000
0.47119258 0.73074710 0.00000000 1.0000
0.46422714 0.68520071 0.00000000 1.0000
0.45986578 0.63986683 0.00000000 1.0000
0.44943944 0.59294327 0.00000000 1.0000
0.45557133 0.54795263 0.00000000 1.0000
0.43645758 0.50011774 0.00000000 1.0000
0.45548109 0.45185268 0.00000000 1.0000
0.44956450 0.40716225 0.00000000 1.0000
0.45978202 0.36009795 0.00000000 1.0000
0.46424007 0.31480880 0.00000000 1.0000
0.47119258 0.26925290 0.00000000 1.0000
0.54972468 0.68587161 0.00000000 1.0000
0.54159833 0.64978533 0.00000000 1.0000
0.53651008 0.61403016 0.00000000 1.0000
0.52434601 0.57555809 0.00000000 1.0000
0.53149989 0.54028550 0.00000000 1.0000
0.50920051 0.50021736 0.00000000 1.0000
0.53139460 0.45935782 0.00000000 1.0000
0.52449192 0.42463013 0.00000000 1.0000
0.53641236 0.38591067 0.00000000 1.0000
0.54161342 0.35023167 0.00000000 1.0000
0.54972468 0.31412839 0.00000000 1.0000
0.62825678 0.64099613 0.00000000 1.0000
0.61896952 0.61436995 0.00000000 1.0000
0.61315437 0.58819349 0.00000000 1.0000
0.59925259 0.55817291 0.00000000 1.0000
0.60742844 0.53261838 0.00000000 1.0000
0.58194344 0.50031698 0.00000000 1.0000
0.60730812 0.46686295 0.00000000 1.0000
0.59941934 0.44209800 0.00000000 1.0000
0.61304270 0.41172338 0.00000000 1.0000
0.61898676 0.38565455 0.00000000 1.0000
0.62825678 0.35900387 0.00000000 1.0000
0.70678887 0.59612064 0.00000000 1.0000
0.69634071 0.57895456 0.00000000 1.0000
0.68979867 0.56235682 0.00000000 1.0000
0.67415916 0.54078773 0.00000000 1.0000
0.68335700 0.52495125 0.00000000 1.0000
0.65468637 0.50041661 0.00000000 1.0000
0.68322163 0.47436809 0.00000000 1.0000
0.67434676 0.45956588 0.00000000 1.0000
0.68967303 0.43753610 0.00000000 1.0000
0.69636011 0.42107743 0.00000000 1.0000
0.70678887 0.40387936 0.00000000 1.0000
0.78532097 0.55124516 0.00000000 1.0000
0.77371190 0.54353918 0.00000000 1.0000
0.76644297 0.53652015 0.00000000 1.0000
0.74906573 0.52340254 0.00000000 1.0000
0.75928555 0.51728413 0.00000000 1.0000
0.72742930 0.50051623 0.00000000 1.0000
0.75913514 0.48187323 0.00000000 1.0000
0.74927417 0.47703376 0.00000000 1.0000
0.76630337 0.46334882 0.00000000 1.0000
0.77373345 0.45650031 0.00000000 1.0000
0.78532097 0.44875484 0.00000000 1.0000
