22
0 0.00000000 0.00000000 0.00000000 0.00000000 0.00000000 0.00000000 0.00000000 0.00000000 0.00000000 0.00000000 1.00000000 1.00000000 1.00000000 1.00000000 1.00000000 1.00000000 1.00000000 1.00000000 1.00000000 1.00000000 1
22
0 0.00000000 0.00000000 0.00000000 0.00000000 0.00000000 0.00000000 0.00000000 0.00000000 0.00000000 0.00000000 1.00000000 1.00000000 1.00000000 1.00000000 1.00000000 1.00000000 1.00000000 1.00000000 1.00000000 1.00000000 1
121
0.00000000 1.00000000 0.00000000 1.0000
0.00000000 0.89505983 0.00000000 1.0000
0.00000000 0.77533055 0.00000000 1.0000
0.00000000 0.70856978 0.00000000 1.0000
0.00000000 0.56095428 0.00000000 1.0000
0.00000000 0.49793096 0.00000000 1.0000
0.00000000 0.44262925 0.00000000 1.0000
0.00000000 0.28916876 0.00000000 1.0000
0.00000000 0.22560779 0.00000000 1.0000
0.00000000 0.10468300 0.00000000 1.0000
0.00000000 0.00000000 0.00000000 1.0000
0.04105573 0.95894427 0.00000000 1.0000
0.03664544 0.86324045 0.00000000 1.0000
0.04004695 0.75654985 0.00000000 1.0000
0.01910944 0.68965577 0.00000000 1.0000
0.05290438 0.56228055 0.00000000 1.0000
-0.00201442 0.49832343 0.00000000 1.0000
0.05292537 0.44062241 0.00000000 1.0000
0.01909018 0.30851318 0.00000000 1.0000
0.04005233 0.24420906 0.00000000 1.0000
0.03663972 0.13655058 0.00000000 1.0000
0.04105573 0.04105573 0.00000000 1.0000
0.08211146 0.91788854 0.00000000 1.0000
0.07329087 0.83142107 0.00000000 1.0000
0.08009390 0.73776914 0.00000000 1.0000
0.03821889 0.67074175 0.00000000 1.0000
0.10580876 0.56360682 0.00000000 1.0000
-0.00402883 0.49871591 0.00000000 1.0000
0.10585073 0.43861556 0.00000000 1.0000
0.03818036 0.32785760 0.00000000 1.0000
0.08010466 0.26281032 0.00000000 1.0000
0.07327943 0.16841816 0.00000000 1.0000
0.08211146 0.08211146 0.00000000 1.0000
0.12316718 0.87683282 0.00000000 1.0000
0.10993631 0.79960170 0.00000000 1.0000
0.12014085 0.71898844 0.00000000 1.0000
0.05732833 0.65182774 0.00000000 1.0000
0.15871314 0.56493309 0.00000000 1.0000
-0.00604325 0.49910839 0.00000000 1.0000
0.15877610 0.43660872 0.00000000 1.0000
0.05727054 0.34720202 0.00000000 1.0000
0.12015700 0.28141158 0.00000000 1.0000
0.10991915 0.20028574 0.00000000 1.0000
0.12316718 0.12316718 0.00000000 1.0000
0.16422291 0.83577709 0.00000000 1.0000
0.14658175 0.76778232 0.00000000 1.0000
0.16018780 0.70020773 0.00000000 1.0000
0.07643777 0.63291373 0.00000000 1.0000
0.21161753 0.56625937 0.00000000 1.0000
-0.00805766 0.49950086 0.00000000 1.0000
0.21170147 0.43460188 0.00000000 1.0000
0.07636072 0.36654644 0.00000000 1.0000
0.16020933 0.30001285 0.00000000 1.0000
0.14655886 0.23215332 0.00000000 1.0000
0.16422291 0.16422291 0.00000000 1.0000
0.20527864 0.79472136 0.00000000 1.0000
0.18322719 0.73596295 0.00000000 1.0000
0.20023475 0.68142703 0.00000000 1.0000
0.09554722 0.61399972 0.00000000 1.0000
0.26452191 0.56758564 0.00000000 1.0000
-0.01007208 0.49989334 0.00000000 1.0000
0.26462684 0.43259503 0.00000000 1.0000
0.09545090 0.38589087 0.00000000 1.0000
0.20026166 0.31861411 0.00000000 1.0000
0.18319858 0.26402090 0.00000000 1.0000
0.20527864 0.20527864 0.00000000 1.0000
0.24633437 0.75366563 0.00000000 1.0000
0.21987262 0.70414357 0.00000000 1.0000
0.24028171 0.66264632 0.00000000 1.0000
0.11465666 0.59508570 0.00000000 1.0000
0.31742629 0.56891191 0.00000000 1.0000
-0.01208650 0.50028582 0.00000000 1.0000
0.31755220 0.43058819 0.00000000 1.0000
0.11454108 0.40523529 0.00000000 1.0000
0.24031399 0.33721538 0.00000000 1.0000
0.21983829 0.29588848 0.00000000 1.0000
0.24633437 0.24633437 0.00000000 1.0000
0.28739010 0.71260990 0.00000000 1.0000
0.25651806 0.67232419 0.00000000 1.0000
0.28032866 0.64386562 0.00000000 1.0000
0.13376610 0.57617169 0.00000000 1.0000
0.37033067 0.57023818 0.00000000 1.0000
-0.01410091 0.50067830 0.00000000 1.0000
0.37047757 0.42858134 0.00000000 1.0000
0.13363126 0.42457971 0.00000000 1.0000
0.28036632 0.35581664 0.00000000 1.0000
0.25647801 0.32775606 0.00000000 1.0000
0.28739010 0.28739010 0.00000000 1.0000
0.32844582 0.67155418 0.00000000 1.0000
0.29316350 0.64050482 0.00000000 1.0000
0.32037561 0.62508491 0.00000000 1.0000
0.15287555 0.55725768 0.00000000 1.0000
0.42323505 0.57156446 0.00000000 1.0000
-0.01611533 0.50107077 0.00000000 1.0000
0.42340294 0.42657450 0.00000000 1.0000
0.15272144 0.44392413 0.00000000 1.0000
0.32041866 0.37441791 0.00000000 1.0000
0.29311772 0.35962364 0.00000000 1.0000
0.32844582 0.32844582 0.00000000 1.0000
0.36950155 0.63049845 0.00000000 1.0000
0.32980893 0.60868544 0.00000000 1.0000
0.36042256 0.60630421 0.00000000 1.0000
0.17198499 0.53834367 0.00000000 1.0000
0.47613943 0.57289073 0.00000000 1.0000
-0.01812974 0.50146325 0.00000000 1.0000
0.47632830 0.42456766 0.00000000 1.0000
0.17181162 0.46326855 0.00000000 1.0000
0.36047099 0.39301917 0.00000000 1.0000
0.32975744 0.39149122 0.00000000 1.0000
0.36950155 0.36950155 0.00000000 1.0000
0.41055728 0.58944272 0.00000000 1.0000
0.36645437 0.57686607 0.00000000 1.0000
0.40046951 0.58752350 0.00000000 1.0000
0.19109444 0.51942965 0.00000000 1.0000
0.52904382 0.57421700 0.00000000 1.0000
-0.02014416 0.50185573 0.00000000 1.0000
0.52925367 0.42256081 0.00000000 1.0000
0.19090180 0.48261297 0.00000000 1.0000
0.40052332 0.41162044 0.00000000 1.0000
0.36639715 0.42335880 0.00000000 1.0000
0.41055728 0.41055728 0.00000000 1.0000
