22
0 0.00000000 0.00000000 0.00000000 0.00000000 0.00000000 0.00000000 0.00000000 0.00000000 0.00000000 0.00000000 1.00000000 1.00000000 1.00000000 1.00000000 1.00000000 1.00000000 1.00000000 1.00000000 1.00000000 1.00000000 1
22
0 0.00000000 0.00000000 0.00000000 0.00000000 0.00000000 0.00000000 0.00000000 0.00000000 0.00000000 0.00000000 1.00000000 1.00000000 1.00000000 1.00000000 1.00000000 1.00000000 1.00000000 1.00000000 1.00000000 1.00000000 1
121
0.00000000 0.00000000 0.00000000 1.0000
0.10115384 0.00000000 0.00000000 1.0000
0.20077104 0.00000000 0.00000000 1.0000
0.30134458 0.00000000 0.00000000 1.0000
0.39987121 0.00000000 0.00000000 1.0000
0.50037200 0.00000000 0.00000000 1.0000
0.59951313 0.00000000 0.00000000 1.0000
0.69900515 0.00000000 0.00000000 1.0000
0.79907844 0.00000000 0.00000000 1.0000
0.89887958 0.00000000 0.00000000 1.0000
1.00000000 0.00000000 0.00000000 1.0000
0.03222581 0.04296775 0.00000000 1.0000
0.12665245 0.04159377 0.00000000 1.0000
0.21990235 0.04074237 0.00000000 1.0000
0.31392321 0.04015055 0.00000000 1.0000
0.40632098 0.03983391 0.00000000 1.0000
0.50029747 0.03971849 0.00000000 1.0000
0.59318672 0.03983331 0.00000000 1.0000
0.68635643 0.04015117 0.00000000 1.0000
0.77997728 0.04074223 0.00000000 1.0000
0.87337427 0.04159390 0.00000000 1.0000
0.96777419 0.04296775 0.00000000 1.0000
0.06445163 0.08593550 0.00000000 1.0000
0.15215107 0.08318753 0.00000000 1.0000
0.23903366 0.08148473 0.00000000 1.0000
0.32650183 0.08030110 0.00000000 1.0000
0.41277076 0.07966781 0.00000000 1.0000
0.50022293 0.07943697 0.00000000 1.0000
0.58686030 0.07966662 0.00000000 1.0000
0.67370772 0.08030234 0.00000000 1.0000
0.76087612 0.08148447 0.00000000 1.0000
0.84786895 0.08318780 0.00000000 1.0000
0.93554837 0.08593550 0.00000000 1.0000
0.09667744 0.12890325 0.00000000 1.0000
0.17764968 0.12478130 0.00000000 1.0000
0.25816497 0.12222710 0.00000000 1.0000
0.33908045 0.12045165 0.00000000 1.0000
0.41922053 0.11950172 0.00000000 1.0000
0.50014839 0.11915546 0.00000000 1.0000
0.58053389 0.11949993 0.00000000 1.0000
0.66105901 0.12045351 0.00000000 1.0000
0.74177496 0.12222670 0.00000000 1.0000
0.82236363 0.12478170 0.00000000 1.0000
0.90332256 0.12890325 0.00000000 1.0000
0.12890325 0.17187100 0.00000000 1.0000
0.20314829 0.16637507 0.00000000 1.0000
0.27729629 0.16296946 0.00000000 1.0000
0.35165908 0.16060220 0.00000000 1.0000
0.42567030 0.15933563 0.00000000 1.0000
0.50007386 0.15887395 0.00000000 1.0000
0.57420748 0.15933325 0.00000000 1.0000
0.64841029 0.16060468 0.00000000 1.0000
0.72267381 0.16296893 0.00000000 1.0000
0.79685831 0.16637560 0.00000000 1.0000
0.87109675 0.17187100 0.00000000 1.0000
0.16112907 0.21483876 0.00000000 1.0000
0.22864691 0.20796884 0.00000000 1.0000
0.29642760 0.20371183 0.00000000 1.0000
0.36423770 0.20075275 0.00000000 1.0000
0.43212007 0.19916953 0.00000000 1.0000
0.49999932 0.19859243 0.00000000 1.0000
0.56788106 0.19916656 0.00000000 1.0000
0.63576158 0.20075585 0.00000000 1.0000
0.70357265 0.20371116 0.00000000 1.0000
0.77135299 0.20796949 0.00000000 1.0000
0.83887093 0.21483876 0.00000000 1.0000
0.19335488 0.25780651 0.00000000 1.0000
0.25414552 0.24956260 0.00000000 1.0000
0.31555891 0.24445419 0.00000000 1.0000
0.37681632 0.24090330 0.00000000 1.0000
0.43856984 0.23900344 0.00000000 1.0000
0.49992478 0.23831092 0.00000000 1.0000
0.56155465 0.23899987 0.00000000 1.0000
0.62311287 0.24090702 0.00000000 1.0000
0.68447149 0.24445340 0.00000000 1.0000
0.74584767 0.24956339 0.00000000 1.0000
0.80664512 0.25780651 0.00000000 1.0000
0.22558069 0.30077426 0.00000000 1.0000
0.27964413 0.29115637 0.00000000 1.0000
0.33469023 0.28519656 0.00000000 1.0000
0.38939495 0.28105385 0.00000000 1.0000
0.44501961 0.27883735 0.00000000 1.0000
0.49985024 0.27802941 0.00000000 1.0000
0.55522823 0.27883318 0.00000000 1.0000
0.61046415 0.28105819 0.00000000 1.0000
0.66537034 0.28519563 0.00000000 1.0000
0.72034235 0.29115729 0.00000000 1.0000
0.77441931 0.30077426 0.00000000 1.0000
0.25780651 0.34374201 0.00000000 1.0000
0.30514275 0.33275014 0.00000000 1.0000
0.35382154 0.32593892 0.00000000 1.0000
0.40197357 0.32120440 0.00000000 1.0000
0.45146938 0.31867125 0.00000000 1.0000
0.49977571 0.31774789 0.00000000 1.0000
0.54890182 0.31866649 0.00000000 1.0000
0.59781544 0.32120936 0.00000000 1.0000
0.64626918 0.32593786 0.00000000 1.0000
0.69483703 0.33275119 0.00000000 1.0000
0.74219349 0.34374201 0.00000000 1.0000
0.29003232 0.38670976 0.00000000 1.0000
0.33064136 0.37434391 0.00000000 1.0000
0.37295285 0.36668129 0.00000000 1.0000
0.41455219 0.36135495 0.00000000 1.0000
0.45791916 0.35850516 0.00000000 1.0000
0.49970117 0.35746638 0.00000000 1.0000
0.54257541 0.35849980 0.00000000 1.0000
0.58516672 0.36136053 0.00000000 1.0000
0.62716802 0.36668010 0.00000000 1.0000
0.66933171 0.37434509 0.00000000 1.0000
0.70996768 0.38670976 0.00000000 1.0000
0.32225813 0.42967751 0.00000000 1.0000
0.35613998 0.41593767 0.00000000 1.0000
0.39208416 0.40742365 0.00000000 1.0000
0.42713082 0.40150550 0.00000000 1.0000
0.46436893 0.39833907 0.00000000 1.0000
0.49962663 0.39718487 0.00000000 1.0000
0.53624899 0.39833312 0.00000000 1.0000
0.57251801 0.40151170 0.00000000 1.0000
0.60806687 0.40742233 0.00000000 1.0000
0.64382639 0.41593899 0.00000000 1.0000
0.67774187 0.42967751 0.00000000 1.0000
