22
0 0.00000000 0.00000000 0.00000000 0.00000000 0.00000000 0.00000000 0.00000000 0.00000000 0.00000000 0.00000000 1.00000000 1.00000000 1.00000000 1.00000000 1.00000000 1.00000000 1.00000000 1.00000000 1.00000000 1.00000000 1
22
0 0.00000000 0.00000000 0.00000000 0.00000000 0.00000000 0.00000000 0.00000000 0.00000000 0.00000000 0.00000000 1.00000000 1.00000000 1.00000000 1.00000000 1.00000000 1.00000000 1.00000000 1.00000000 1.00000000 1.00000000 1
121
1.00000000 1.00000000 0.00000000 1.0000
0.89831813 1.00000000 0.00000000 1.0000
0.79722049 1.00000000 0.00000000 1.0000
0.69635682 1.00000000 0.00000000 1.0000
0.59663669 1.00000000 0.00000000 1.0000
0.49590695 1.00000000 0.00000000 1.0000
0.39691225 1.00000000 0.00000000 1.0000
0.29751990 1.00000000 0.00000000 1.0000
0.19806191 1.00000000 0.00000000 1.0000
0.09966019 1.00000000 0.00000000 1.0000
0.00000000 1.00000000 0.00000000 1.0000
0.95725568 0.95725568 0.00000000 1.0000
0.86393327 0.95846435 0.00000000 1.0000
0.77106838 0.95957920 0.00000000 1.0000
0.67837369 0.96050386 0.00000000 1.0000
0.58659918 0.96146924 0.00000000 1.0000
0.49398449 0.96207646 0.00000000 1.0000
0.40277737 0.96277322 0.00000000 1.0000
0.31121969 0.96316083 0.00000000 1.0000
0.21962099 0.96340060 0.00000000 1.0000
0.12885121 0.96338962 0.00000000 1.0000
0.03709523 0.96290477 0.00000000 1.0000
0.91451136 0.91451136 0.00000000 1.0000
0.82954842 0.91692871 0.00000000 1.0000
0.74491627 0.91915839 0.00000000 1.0000
0.66039055 0.92100773 0.00000000 1.0000
0.57656168 0.92293849 0.00000000 1.0000
0.49206203 0.92415291 0.00000000 1.0000
0.40864250 0.92554645 0.00000000 1.0000
0.32491949 0.92632165 0.00000000 1.0000
0.24118007 0.92680120 0.00000000 1.0000
0.15804223 0.92677924 0.00000000 1.0000
0.07419045 0.92580955 0.00000000 1.0000
0.87176704 0.87176704 0.00000000 1.0000
0.79516356 0.87539306 0.00000000 1.0000
0.71876416 0.87873759 0.00000000 1.0000
0.64240742 0.88151159 0.00000000 1.0000
0.56652417 0.88440773 0.00000000 1.0000
0.49013957 0.88622937 0.00000000 1.0000
0.41450762 0.88831967 0.00000000 1.0000
0.33861928 0.88948248 0.00000000 1.0000
0.26273915 0.89020180 0.00000000 1.0000
0.18723324 0.89016885 0.00000000 1.0000
0.11128568 0.88871432 0.00000000 1.0000
0.82902272 0.82902272 0.00000000 1.0000
0.76077870 0.83385742 0.00000000 1.0000
0.69261205 0.83831678 0.00000000 1.0000
0.62442429 0.84201545 0.00000000 1.0000
0.55648667 0.84587697 0.00000000 1.0000
0.48821711 0.84830582 0.00000000 1.0000
0.42037274 0.85109289 0.00000000 1.0000
0.35231908 0.85264331 0.00000000 1.0000
0.28429824 0.85360240 0.00000000 1.0000
0.21642426 0.85355847 0.00000000 1.0000
0.14838091 0.85161909 0.00000000 1.0000
0.78627840 0.78627840 0.00000000 1.0000
0.72639384 0.79232177 0.00000000 1.0000
0.66645995 0.79789598 0.00000000 1.0000
0.60644115 0.80251932 0.00000000 1.0000
0.54644916 0.80734622 0.00000000 1.0000
0.48629465 0.81038228 0.00000000 1.0000
0.42623787 0.81386611 0.00000000 1.0000
0.36601888 0.81580413 0.00000000 1.0000
0.30585732 0.81700300 0.00000000 1.0000
0.24561527 0.81694809 0.00000000 1.0000
0.18547613 0.81452387 0.00000000 1.0000
0.74353409 0.74353409 0.00000000 1.0000
0.69200898 0.75078613 0.00000000 1.0000
0.64030784 0.75747518 0.00000000 1.0000
0.58845802 0.76302318 0.00000000 1.0000
0.53641165 0.76881546 0.00000000 1.0000
0.48437218 0.77245873 0.00000000 1.0000
0.43210299 0.77663934 0.00000000 1.0000
0.37971867 0.77896496 0.00000000 1.0000
0.32741640 0.78040360 0.00000000 1.0000
0.27480629 0.78033771 0.00000000 1.0000
0.22257136 0.77742864 0.00000000 1.0000
0.70078977 0.70078977 0.00000000 1.0000
0.65762413 0.70925048 0.00000000 1.0000
0.61415573 0.71705437 0.00000000 1.0000
0.57047489 0.72352704 0.00000000 1.0000
0.52637415 0.73028470 0.00000000 1.0000
0.48244972 0.73453519 0.00000000 1.0000
0.43796812 0.73941256 0.00000000 1.0000
0.39341847 0.74212579 0.00000000 1.0000
0.34897548 0.74380420 0.00000000 1.0000
0.30399730 0.74372733 0.00000000 1.0000
0.25966659 0.74033341 0.00000000 1.0000
0.65804545 0.65804545 0.00000000 1.0000
0.62323927 0.66771483 0.00000000 1.0000
0.58800362 0.67663357 0.00000000 1.0000
0.55249176 0.68403091 0.00000000 1.0000
0.51633664 0.69175394 0.00000000 1.0000
0.48052726 0.69661165 0.00000000 1.0000
0.44383324 0.70218578 0.00000000 1.0000
0.40711826 0.70528661 0.00000000 1.0000
0.37053456 0.70720480 0.00000000 1.0000
0.33318832 0.70711695 0.00000000 1.0000
0.29676181 0.70323819 0.00000000 1.0000
0.61530113 0.61530113 0.00000000 1.0000
0.58885441 0.62617919 0.00000000 1.0000
0.56185151 0.63621276 0.00000000 1.0000
0.53450862 0.64453477 0.00000000 1.0000
0.50629913 0.65322319 0.00000000 1.0000
0.47860480 0.65868810 0.00000000 1.0000
0.44969837 0.66495900 0.00000000 1.0000
0.42081806 0.66844744 0.00000000 1.0000
0.39209364 0.67060540 0.00000000 1.0000
0.36237934 0.67050656 0.00000000 1.0000
0.33385704 0.66614296 0.00000000 1.0000
0.57255681 0.57255681 0.00000000 1.0000
0.55446955 0.58464354 0.00000000 1.0000
0.53569940 0.59579196 0.00000000 1.0000
0.51652549 0.60503863 0.00000000 1.0000
0.49626163 0.61469243 0.00000000 1.0000
0.47668234 0.62076456 0.00000000 1.0000
0.45556349 0.62773223 0.00000000 1.0000
0.43451786 0.63160826 0.00000000 1.0000
0.41365272 0.63400600 0.00000000 1.0000
0.39157035 0.63389618 0.00000000 1.0000
0.37095227 0.62904773 0.00000000 1.0000
