22
0 0.00000000 0.00000000 0.00000000 0.00000000 0.00000000 0.00000000 0.00000000 0.00000000 0.00000000 0.00000000 1.00000000 1.00000000 1.00000000 1.00000000 1.00000000 1.00000000 1.00000000 1.00000000 1.00000000 1.00000000 1
22
0 0.00000000 0.00000000 0.00000000 0.00000000 0.00000000 0.00000000 0.00000000 0.00000000 0.00000000 0.00000000 1.00000000 1.00000000 1.00000000 1.00000000 1.00000000 1.00000000 1.00000000 1.00000000 1.00000000 1.00000000 1
121
0.00000000 0.00000000 0.00000000 1.0000
0.20398674 0.00000000 0.00000000 1.0000
0.40283398 0.00000000 0.00000000 1.0000
0.60210429 0.00000000 0.00000000 1.0000
0.80263020 0.00000000 0.00000000 1.0000
0.99785054 0.00000000 0.00000000 1.0000
1.20084243 0.00000000 0.00000000 1.0000
1.39614365 0.00000000 0.00000000 1.0000
1.59769871 0.00000000 0.00000000 1.0000
1.79586410 0.00000000 0.00000000 1.0000
2.00000000 0.00000000 0.00000000 1.0000
0.07853210 0.04487548 0.00000000 1.0000
0.26591358 0.04234866 0.00000000 1.0000
0.44931537 0.04115980 0.00000000 1.0000
0.63302308 0.04016648 0.00000000 1.0000
0.81778204 0.03980838 0.00000000 1.0000
0.99828141 0.03951582 0.00000000 1.0000
1.18499426 0.03982483 0.00000000 1.0000
1.36557640 0.04014492 0.00000000 1.0000
1.55111029 0.04117267 0.00000000 1.0000
1.73396701 0.04234719 0.00000000 1.0000
1.92146790 0.04487548 0.00000000 1.0000
0.15706419 0.08975097 0.00000000 1.0000
0.32784041 0.08469732 0.00000000 1.0000
0.49579675 0.08231959 0.00000000 1.0000
0.66394186 0.08033296 0.00000000 1.0000
0.83293387 0.07961677 0.00000000 1.0000
0.99871227 0.07903164 0.00000000 1.0000
1.16914609 0.07964967 0.00000000 1.0000
1.33500916 0.08028983 0.00000000 1.0000
1.50452188 0.08234535 0.00000000 1.0000
1.67206991 0.08469438 0.00000000 1.0000
1.84293581 0.08975097 0.00000000 1.0000
0.23559629 0.13462645 0.00000000 1.0000
0.38976725 0.12704597 0.00000000 1.0000
0.54227814 0.12347939 0.00000000 1.0000
0.69486065 0.12049943 0.00000000 1.0000
0.84808571 0.11942515 0.00000000 1.0000
0.99914313 0.11854746 0.00000000 1.0000
1.15329793 0.11947450 0.00000000 1.0000
1.30444192 0.12043475 0.00000000 1.0000
1.45793346 0.12351802 0.00000000 1.0000
1.61017281 0.12704157 0.00000000 1.0000
1.76440371 0.13462645 0.00000000 1.0000
0.31412839 0.17950194 0.00000000 1.0000
0.45169409 0.16939463 0.00000000 1.0000
0.58875952 0.16463918 0.00000000 1.0000
0.72577943 0.16066591 0.00000000 1.0000
0.86323755 0.15923353 0.00000000 1.0000
0.99957399 0.15806327 0.00000000 1.0000
1.13744976 0.15929934 0.00000000 1.0000
1.27387467 0.16057967 0.00000000 1.0000
1.41134504 0.16469070 0.00000000 1.0000
1.54827572 0.16938877 0.00000000 1.0000
1.68587161 0.17950194 0.00000000 1.0000
0.39266049 0.22437742 0.00000000 1.0000
0.51362092 0.21174329 0.00000000 1.0000
0.63524091 0.20579898 0.00000000 1.0000
0.75669822 0.20083239 0.00000000 1.0000
0.87838938 0.19904192 0.00000000 1.0000
1.00000485 0.19757909 0.00000000 1.0000
1.12160160 0.19912417 0.00000000 1.0000
1.24330743 0.20072458 0.00000000 1.0000
1.36475663 0.20586337 0.00000000 1.0000
1.48637862 0.21173596 0.00000000 1.0000
1.60733951 0.22437742 0.00000000 1.0000
0.47119258 0.26925290 0.00000000 1.0000
0.57554776 0.25409195 0.00000000 1.0000
0.68172229 0.24695877 0.00000000 1.0000
0.78761700 0.24099887 0.00000000 1.0000
0.89354122 0.23885030 0.00000000 1.0000
1.00043571 0.23709491 0.00000000 1.0000
1.10575343 0.23894901 0.00000000 1.0000
1.21274018 0.24086950 0.00000000 1.0000
1.31816821 0.24703605 0.00000000 1.0000
1.42448153 0.25408315 0.00000000 1.0000
1.52880742 0.26925290 0.00000000 1.0000
0.54972468 0.31412839 0.00000000 1.0000
0.63747460 0.29644061 0.00000000 1.0000
0.72820367 0.28811857 0.00000000 1.0000
0.81853579 0.28116535 0.00000000 1.0000
0.90869306 0.27865869 0.00000000 1.0000
1.00086658 0.27661073 0.00000000 1.0000
1.08990526 0.27877384 0.00000000 1.0000
1.18217294 0.28101442 0.00000000 1.0000
1.27157979 0.28820872 0.00000000 1.0000
1.36258443 0.29643034 0.00000000 1.0000
1.45027532 0.31412839 0.00000000 1.0000
0.62825678 0.35900387 0.00000000 1.0000
0.69940143 0.33878926 0.00000000 1.0000
0.77468506 0.32927836 0.00000000 1.0000
0.84945457 0.32133182 0.00000000 1.0000
0.92384490 0.31846707 0.00000000 1.0000
1.00129744 0.31612655 0.00000000 1.0000
1.07405710 0.31859867 0.00000000 1.0000
1.15160569 0.32115933 0.00000000 1.0000
1.22499137 0.32938140 0.00000000 1.0000
1.30068734 0.33877753 0.00000000 1.0000
1.37174322 0.35900387 0.00000000 1.0000
0.70678887 0.40387936 0.00000000 1.0000
0.76132827 0.38113792 0.00000000 1.0000
0.82116644 0.37043816 0.00000000 1.0000
0.88037336 0.36149830 0.00000000 1.0000
0.93899673 0.35827545 0.00000000 1.0000
1.00172830 0.35564237 0.00000000 1.0000
1.05820893 0.35842351 0.00000000 1.0000
1.12103845 0.36130425 0.00000000 1.0000
1.17840296 0.37055407 0.00000000 1.0000
1.23879024 0.38112472 0.00000000 1.0000
1.29321113 0.40387936 0.00000000 1.0000
0.78532097 0.44875484 0.00000000 1.0000
0.82325511 0.42348658 0.00000000 1.0000
0.86764783 0.41159795 0.00000000 1.0000
0.91129214 0.40166478 0.00000000 1.0000
0.95414857 0.39808384 0.00000000 1.0000
1.00215916 0.39515818 0.00000000 1.0000
1.04236077 0.39824834 0.00000000 1.0000
1.09047121 0.40144917 0.00000000 1.0000
1.13181454 0.41172675 0.00000000 1.0000
1.17689314 0.42347192 0.00000000 1.0000
1.21467903 0.44875484 0.00000000 1.0000
