22
0 0.00000000 0.00000000 0.00000000 0.00000000 0.00000000 0.00000000 0.00000000 0.00000000 0.00000000 0.00000000 1.00000000 1.00000000 1.00000000 1.00000000 1.00000000 1.00000000 1.00000000 1.00000000 1.00000000 1.00000000 1
22
0 0.00000000 0.00000000 0.00000000 0.00000000 0.00000000 0.00000000 0.00000000 0.00000000 0.00000000 0.00000000 1.00000000 1.00000000 1.00000000 1.00000000 1.00000000 1.00000000 1.00000000 1.00000000 1.00000000 1.00000000 1
121
1.00000000 0.00000000 0.00000000 1.0000
1.00000000 0.10390465 0.00000000 1.0000
1.00000000 0.20475213 0.00000000 1.0000
1.00000000 0.30943390 0.00000000 1.0000
1.00000000 0.40388887 0.00000000 1.0000
1.00000000 0.50142239 0.00000000 1.0000
1.00000000 0.61587242 0.00000000 1.0000
1.00000000 0.68452725 0.00000000 1.0000
1.00000000 0.79011921 0.00000000 1.0000
1.00000000 0.88777069 0.00000000 1.0000
1.00000000 1.00000000 0.00000000 1.0000
0.95725568 0.04274432 0.00000000 1.0000
0.95961434 0.13778688 0.00000000 1.0000
0.96157630 0.23041339 0.00000000 1.0000
0.96429545 0.32610648 0.00000000 1.0000
0.96441862 0.41381101 0.00000000 1.0000
0.96860334 0.50360828 0.00000000 1.0000
0.96706260 0.60768057 0.00000000 1.0000
0.97000808 0.67416867 0.00000000 1.0000
0.96885744 0.77166209 0.00000000 1.0000
0.96566555 0.86125418 0.00000000 1.0000
0.96290477 0.96290477 0.00000000 1.0000
0.91451136 0.08548864 0.00000000 1.0000
0.91922868 0.17166910 0.00000000 1.0000
0.92315259 0.25607465 0.00000000 1.0000
0.92859090 0.34277905 0.00000000 1.0000
0.92883724 0.42373316 0.00000000 1.0000
0.93720669 0.50579417 0.00000000 1.0000
0.93412520 0.59948871 0.00000000 1.0000
0.94001616 0.66381010 0.00000000 1.0000
0.93771488 0.75320496 0.00000000 1.0000
0.93133109 0.83473767 0.00000000 1.0000
0.92580955 0.92580955 0.00000000 1.0000
0.87176704 0.12823296 0.00000000 1.0000
0.87884303 0.20555132 0.00000000 1.0000
0.88472889 0.28173590 0.00000000 1.0000
0.89288635 0.35945163 0.00000000 1.0000
0.89325586 0.43365531 0.00000000 1.0000
0.90581003 0.50798006 0.00000000 1.0000
0.90118780 0.59129686 0.00000000 1.0000
0.91002424 0.65345153 0.00000000 1.0000
0.90657232 0.73474784 0.00000000 1.0000
0.89699664 0.80822116 0.00000000 1.0000
0.88871432 0.88871432 0.00000000 1.0000
0.82902272 0.17097728 0.00000000 1.0000
0.83845737 0.23943355 0.00000000 1.0000
0.84630519 0.30739716 0.00000000 1.0000
0.85718180 0.37612421 0.00000000 1.0000
0.85767448 0.44357746 0.00000000 1.0000
0.87441337 0.51016595 0.00000000 1.0000
0.86825040 0.58310501 0.00000000 1.0000
0.88003232 0.64309295 0.00000000 1.0000
0.87542976 0.71629071 0.00000000 1.0000
0.86266219 0.78170464 0.00000000 1.0000
0.85161909 0.85161909 0.00000000 1.0000
0.78627840 0.21372160 0.00000000 1.0000
0.79807171 0.27331577 0.00000000 1.0000
0.80788149 0.33305842 0.00000000 1.0000
0.82147725 0.39279679 0.00000000 1.0000
0.82209310 0.45349961 0.00000000 1.0000
0.84301672 0.51235184 0.00000000 1.0000
0.83531299 0.57491315 0.00000000 1.0000
0.85004040 0.63273438 0.00000000 1.0000
0.84428719 0.69783359 0.00000000 1.0000
0.82832773 0.75518813 0.00000000 1.0000
0.81452387 0.81452387 0.00000000 1.0000
0.74353409 0.25646591 0.00000000 1.0000
0.75768605 0.30719800 0.00000000 1.0000
0.76945778 0.35871967 0.00000000 1.0000
0.78577270 0.40946937 0.00000000 1.0000
0.78651172 0.46342175 0.00000000 1.0000
0.81162006 0.51453773 0.00000000 1.0000
0.80237559 0.56672130 0.00000000 1.0000
0.82004848 0.62237581 0.00000000 1.0000
0.81314463 0.67937646 0.00000000 1.0000
0.79399328 0.72867162 0.00000000 1.0000
0.77742864 0.77742864 0.00000000 1.0000
0.70078977 0.29921023 0.00000000 1.0000
0.71730039 0.34108022 0.00000000 1.0000
0.73103408 0.38438093 0.00000000 1.0000
0.75006815 0.42614194 0.00000000 1.0000
0.75093034 0.47334390 0.00000000 1.0000
0.78022340 0.51672361 0.00000000 1.0000
0.76943819 0.55852945 0.00000000 1.0000
0.79005656 0.61201724 0.00000000 1.0000
0.78200207 0.66091934 0.00000000 1.0000
0.75965883 0.70215511 0.00000000 1.0000
0.74033341 0.74033341 0.00000000 1.0000
0.65804545 0.34195455 0.00000000 1.0000
0.67691473 0.37496244 0.00000000 1.0000
0.69261038 0.41004219 0.00000000 1.0000
0.71436360 0.44281452 0.00000000 1.0000
0.71534896 0.48326605 0.00000000 1.0000
0.74882675 0.51890950 0.00000000 1.0000
0.73650079 0.55033759 0.00000000 1.0000
0.76006464 0.60165866 0.00000000 1.0000
0.75085951 0.64246221 0.00000000 1.0000
0.72532438 0.67563860 0.00000000 1.0000
0.70323819 0.70323819 0.00000000 1.0000
0.61530113 0.38469887 0.00000000 1.0000
0.63652908 0.40884467 0.00000000 1.0000
0.65418667 0.43570344 0.00000000 1.0000
0.67865906 0.45948710 0.00000000 1.0000
0.67976758 0.49318820 0.00000000 1.0000
0.71743009 0.52109539 0.00000000 1.0000
0.70356339 0.54214574 0.00000000 1.0000
0.73007272 0.59130009 0.00000000 1.0000
0.71971695 0.62400509 0.00000000 1.0000
0.69098992 0.64912209 0.00000000 1.0000
0.66614296 0.66614296 0.00000000 1.0000
0.57255681 0.42744319 0.00000000 1.0000
0.59614342 0.44272689 0.00000000 1.0000
0.61576297 0.46136470 0.00000000 1.0000
0.64295451 0.47615968 0.00000000 1.0000
0.64418620 0.50311034 0.00000000 1.0000
0.68603343 0.52328128 0.00000000 1.0000
0.67062599 0.53395389 0.00000000 1.0000
0.70008080 0.58094152 0.00000000 1.0000
0.68857439 0.60554796 0.00000000 1.0000
0.65665547 0.62260558 0.00000000 1.0000
0.62904773 0.62904773 0.00000000 1.0000
