22
0 0.00000000 0.00000000 0.00000000 0.00000000 0.00000000 0.00000000 0.00000000 0.00000000 0.00000000 0.00000000 1.00000000 1.00000000 1.00000000 1.00000000 1.00000000 1.00000000 1.00000000 1.00000000 1.00000000 1.00000000 1
22
0 0.00000000 0.00000000 0.00000000 0.00000000 0.00000000 0.00000000 0.00000000 0.00000000 0.00000000 0.00000000 1.00000000 1.00000000 1.00000000 1.00000000 1.00000000 1.00000000 1.00000000 1.00000000 1.00000000 1.00000000 1
121
0.00000000 0.00000000 0.00000000 1.0000
0.20408586 0.00000000 0.00000000 1.0000
0.40314368 0.00000000 0.00000000 1.0000
0.60523828 0.00000000 0.00000000 1.0000
0.79877441 0.00000000 0.00000000 1.0000
1.00328067 0.00000000 0.00000000 1.0000
1.19554253 0.00000000 0.00000000 1.0000
1.39837341 0.00000000 0.00000000 1.0000
1.59529611 0.00000000 0.00000000 1.0000
1.79625488 0.00000000 0.00000000 1.0000
2.00000000 0.00000000 0.00000000 1.0000
0.08800000 0.04400000 0.00000000 1.0000
0.27362065 0.04226386 0.00000000 1.0000
0.45525761 0.04098581 0.00000000 1.0000
0.63934883 0.04030885 0.00000000 1.0000
0.81659153 0.03965116 0.00000000 1.0000
1.00262769 0.03971271 0.00000000 1.0000
1.17885643 0.03968016 0.00000000 1.0000
1.36354413 0.04027454 0.00000000 1.0000
1.54349265 0.04100451 0.00000000 1.0000
1.72665218 0.04226111 0.00000000 1.0000
1.91200000 0.04400000 0.00000000 1.0000
0.17600000 0.08800000 0.00000000 1.0000
0.34315543 0.08452771 0.00000000 1.0000
0.50737153 0.08197162 0.00000000 1.0000
0.67345938 0.08061770 0.00000000 1.0000
0.83440866 0.07930232 0.00000000 1.0000
1.00197471 0.07942542 0.00000000 1.0000
1.16217033 0.07936031 0.00000000 1.0000
1.32871486 0.08054909 0.00000000 1.0000
1.49168919 0.08200902 0.00000000 1.0000
1.65704948 0.08452223 0.00000000 1.0000
1.82400000 0.08800000 0.00000000 1.0000
0.26400000 0.13200000 0.00000000 1.0000
0.41269022 0.12679157 0.00000000 1.0000
0.55948545 0.12295743 0.00000000 1.0000
0.70756993 0.12092654 0.00000000 1.0000
0.85222578 0.11895348 0.00000000 1.0000
1.00132174 0.11913813 0.00000000 1.0000
1.14548424 0.11904047 0.00000000 1.0000
1.29388559 0.12082363 0.00000000 1.0000
1.43988573 0.12301353 0.00000000 1.0000
1.58744678 0.12678334 0.00000000 1.0000
1.73600000 0.13200000 0.00000000 1.0000
0.35200000 0.17600000 0.00000000 1.0000
0.48222500 0.16905542 0.00000000 1.0000
0.61159937 0.16394323 0.00000000 1.0000
0.74168049 0.16123539 0.00000000 1.0000
0.87004291 0.15860463 0.00000000 1.0000
1.00066876 0.15885083 0.00000000 1.0000
1.12879813 0.15872063 0.00000000 1.0000
1.25905631 0.16109818 0.00000000 1.0000
1.38808226 0.16401805 0.00000000 1.0000
1.51784408 0.16904446 0.00000000 1.0000
1.64800000 0.17600000 0.00000000 1.0000
0.44000000 0.22000000 0.00000000 1.0000
0.55175979 0.21131928 0.00000000 1.0000
0.66371329 0.20492904 0.00000000 1.0000
0.77579104 0.20154424 0.00000000 1.0000
0.88786003 0.19825579 0.00000000 1.0000
1.00001578 0.19856354 0.00000000 1.0000
1.11211204 0.19840078 0.00000000 1.0000
1.22422704 0.20137272 0.00000000 1.0000
1.33627880 0.20502256 0.00000000 1.0000
1.44824138 0.21130557 0.00000000 1.0000
1.56000000 0.22000000 0.00000000 1.0000
0.52800000 0.26400000 0.00000000 1.0000
0.62129457 0.25358313 0.00000000 1.0000
0.71582721 0.24591485 0.00000000 1.0000
0.80990159 0.24185309 0.00000000 1.0000
0.90567715 0.23790695 0.00000000 1.0000
0.99936280 0.23827625 0.00000000 1.0000
1.09542594 0.23808094 0.00000000 1.0000
1.18939777 0.24164727 0.00000000 1.0000
1.28447534 0.24602707 0.00000000 1.0000
1.37863868 0.25356668 0.00000000 1.0000
1.47200000 0.26400000 0.00000000 1.0000
0.61600000 0.30800000 0.00000000 1.0000
0.69082936 0.29584699 0.00000000 1.0000
0.76794114 0.28690066 0.00000000 1.0000
0.84401214 0.28216193 0.00000000 1.0000
0.92349428 0.27755811 0.00000000 1.0000
0.99870983 0.27798896 0.00000000 1.0000
1.07873984 0.27776110 0.00000000 1.0000
1.15456849 0.28192181 0.00000000 1.0000
1.23267188 0.28703158 0.00000000 1.0000
1.30903598 0.29582780 0.00000000 1.0000
1.38400000 0.30800000 0.00000000 1.0000
0.70400000 0.35200000 0.00000000 1.0000
0.76036414 0.33811084 0.00000000 1.0000
0.82005506 0.32788647 0.00000000 1.0000
0.87812270 0.32247078 0.00000000 1.0000
0.94131140 0.31720927 0.00000000 1.0000
0.99805685 0.31770167 0.00000000 1.0000
1.06205374 0.31744126 0.00000000 1.0000
1.11973922 0.32219636 0.00000000 1.0000
1.18086842 0.32803609 0.00000000 1.0000
1.23943328 0.33808891 0.00000000 1.0000
1.29600000 0.35200000 0.00000000 1.0000
0.79200000 0.39600000 0.00000000 1.0000
0.82989893 0.38037470 0.00000000 1.0000
0.87216898 0.36887228 0.00000000 1.0000
0.91223325 0.36277963 0.00000000 1.0000
0.95912853 0.35686043 0.00000000 1.0000
0.99740387 0.35741438 0.00000000 1.0000
1.04536764 0.35712141 0.00000000 1.0000
1.08490995 0.36247090 0.00000000 1.0000
1.12906496 0.36904060 0.00000000 1.0000
1.16983058 0.38035003 0.00000000 1.0000
1.20800000 0.39600000 0.00000000 1.0000
0.88000000 0.44000000 0.00000000 1.0000
0.89943371 0.42263855 0.00000000 1.0000
0.92428290 0.40985808 0.00000000 1.0000
0.94634380 0.40308848 0.00000000 1.0000
0.97694565 0.39651158 0.00000000 1.0000
0.99675089 0.39712709 0.00000000 1.0000
1.02868154 0.39680157 0.00000000 1.0000
1.05008067 0.40274545 0.00000000 1.0000
1.07726150 0.41004511 0.00000000 1.0000
1.10022788 0.42261114 0.00000000 1.0000
1.12000000 0.44000000 0.00000000 1.0000
