22
0 0.00000000 0.00000000 0.00000000 0.00000000 0.00000000 0.00000000 0.00000000 0.00000000 0.00000000 0.00000000 1.00000000 1.00000000 1.00000000 1.00000000 1.00000000 1.00000000 1.00000000 1.00000000 1.00000000 1.00000000 1
22
0 0.00000000 0.00000000 0.00000000 0.00000000 0.00000000 0.00000000 0.00000000 0.00000000 0.00000000 0.00000000 1.00000000 1.00000000 1.00000000 1.00000000 1.00000000 1.00000000 1.00000000 1.00000000 1.00000000 1.00000000 1
121
1.50000000 0.00000000 0.00000000 1.0000
1.50000000 0.10164776 0.00000000 1.0000
1.50000000 0.20126975 0.00000000 1.0000
1.50000000 0.30134443 0.00000000 1.0000
1.50000000 0.40068156 0.00000000 1.0000
1.50000000 0.49954995 0.00000000 1.0000
1.50000000 0.60009698 0.00000000 1.0000
1.50000000 0.69817240 0.00000000 1.0000
1.50000000 0.79891628 0.00000000 1.0000
1.50000000 0.89830201 0.00000000 1.0000
1.50000000 1.00000000 0.00000000 1.0000
1.42800000 0.04200000 0.00000000 1.0000
1.42893709 0.13488991 0.00000000 1.0000
1.42952791 0.22618879 0.00000000 1.0000
1.42986605 0.31785300 0.00000000 1.0000
1.43016144 0.40893392 0.00000000 1.0000
1.43012673 0.49963976 0.00000000 1.0000
1.43016277 0.59168925 0.00000000 1.0000
1.42986497 0.68176026 0.00000000 1.0000
1.42952803 0.77396010 0.00000000 1.0000
1.42893675 0.86506987 0.00000000 1.0000
1.42800000 0.95800000 0.00000000 1.0000
1.35600000 0.08400000 0.00000000 1.0000
1.35787418 0.16813206 0.00000000 1.0000
1.35905583 0.25110783 0.00000000 1.0000
1.35973209 0.33436158 0.00000000 1.0000
1.36032289 0.41718628 0.00000000 1.0000
1.36025347 0.49972956 0.00000000 1.0000
1.36032554 0.58328151 0.00000000 1.0000
1.35972994 0.66534811 0.00000000 1.0000
1.35905607 0.74900392 0.00000000 1.0000
1.35787351 0.83183773 0.00000000 1.0000
1.35600000 0.91600000 0.00000000 1.0000
1.28400000 0.12600000 0.00000000 1.0000
1.28681127 0.20137421 0.00000000 1.0000
1.28858374 0.27602687 0.00000000 1.0000
1.28959814 0.35087015 0.00000000 1.0000
1.29048433 0.42543863 0.00000000 1.0000
1.29038020 0.49981937 0.00000000 1.0000
1.29048831 0.57487378 0.00000000 1.0000
1.28959491 0.64893597 0.00000000 1.0000
1.28858410 0.72404774 0.00000000 1.0000
1.28681026 0.79860559 0.00000000 1.0000
1.28400000 0.87400000 0.00000000 1.0000
1.21200000 0.16800000 0.00000000 1.0000
1.21574836 0.23461636 0.00000000 1.0000
1.21811166 0.30094591 0.00000000 1.0000
1.21946418 0.36737873 0.00000000 1.0000
1.22064578 0.43369100 0.00000000 1.0000
1.22050693 0.49990917 0.00000000 1.0000
1.22065109 0.56646604 0.00000000 1.0000
1.21945989 0.63252382 0.00000000 1.0000
1.21811213 0.69909157 0.00000000 1.0000
1.21574701 0.76537344 0.00000000 1.0000
1.21200000 0.83200000 0.00000000 1.0000
1.14000000 0.21000000 0.00000000 1.0000
1.14468545 0.26785851 0.00000000 1.0000
1.14763957 0.32586495 0.00000000 1.0000
1.14933023 0.38388730 0.00000000 1.0000
1.15080722 0.44194335 0.00000000 1.0000
1.15063367 0.49999898 0.00000000 1.0000
1.15081386 0.55805831 0.00000000 1.0000
1.14932486 0.61611168 0.00000000 1.0000
1.14764016 0.67413539 0.00000000 1.0000
1.14468377 0.73214130 0.00000000 1.0000
1.14000000 0.79000000 0.00000000 1.0000
1.06800000 0.25200000 0.00000000 1.0000
1.07362254 0.30110066 0.00000000 1.0000
1.07716749 0.35078399 0.00000000 1.0000
1.07919627 0.40039588 0.00000000 1.0000
1.08096866 0.45019571 0.00000000 1.0000
1.08076040 0.50008878 0.00000000 1.0000
1.08097663 0.54965058 0.00000000 1.0000
1.07918983 0.59969953 0.00000000 1.0000
1.07716820 0.64917921 0.00000000 1.0000
1.07362052 0.69890916 0.00000000 1.0000
1.06800000 0.74800000 0.00000000 1.0000
0.99600000 0.29400000 0.00000000 1.0000
1.00255963 0.33434281 0.00000000 1.0000
1.00669540 0.37570303 0.00000000 1.0000
1.00906232 0.41690445 0.00000000 1.0000
1.01113011 0.45844807 0.00000000 1.0000
1.01088713 0.50017859 0.00000000 1.0000
1.01113940 0.54124284 0.00000000 1.0000
1.00905480 0.58328739 0.00000000 1.0000
1.00669623 0.62422303 0.00000000 1.0000
1.00255727 0.66567702 0.00000000 1.0000
0.99600000 0.70600000 0.00000000 1.0000
0.92400000 0.33600000 0.00000000 1.0000
0.93149672 0.36758496 0.00000000 1.0000
0.93622332 0.40062206 0.00000000 1.0000
0.93892836 0.43341303 0.00000000 1.0000
0.94129155 0.46670043 0.00000000 1.0000
0.94101386 0.50026839 0.00000000 1.0000
0.94130217 0.53283511 0.00000000 1.0000
0.93891977 0.56687524 0.00000000 1.0000
0.93622426 0.59926685 0.00000000 1.0000
0.93149403 0.63244488 0.00000000 1.0000
0.92400000 0.66400000 0.00000000 1.0000
0.85200000 0.37800000 0.00000000 1.0000
0.86043381 0.40082711 0.00000000 1.0000
0.86575123 0.42554110 0.00000000 1.0000
0.86879441 0.44992160 0.00000000 1.0000
0.87145299 0.47495279 0.00000000 1.0000
0.87114060 0.50035819 0.00000000 1.0000
0.87146494 0.52442737 0.00000000 1.0000
0.86878474 0.55046310 0.00000000 1.0000
0.86575229 0.57431067 0.00000000 1.0000
0.86043078 0.59921273 0.00000000 1.0000
0.85200000 0.62200000 0.00000000 1.0000
0.78000000 0.42000000 0.00000000 1.0000
0.78937089 0.43406925 0.00000000 1.0000
0.79527915 0.45046014 0.00000000 1.0000
0.79866045 0.46643018 0.00000000 1.0000
0.80161444 0.48320515 0.00000000 1.0000
0.80126733 0.50044800 0.00000000 1.0000
0.80162772 0.51601964 0.00000000 1.0000
0.79864971 0.53405095 0.00000000 1.0000
0.79528033 0.54935449 0.00000000 1.0000
0.78936753 0.56598059 0.00000000 1.0000
0.78000000 0.58000000 0.00000000 1.0000
