22
0 0.00000000 0.00000000 0.00000000 0.00000000 0.00000000 0.00000000 0.00000000 0.00000000 0.00000000 0.00000000 1.00000000 1.00000000 1.00000000 1.00000000 1.00000000 1.00000000 1.00000000 1.00000000 1.00000000 1.00000000 1
22
0 0.00000000 0.00000000 0.00000000 0.00000000 0.00000000 0.00000000 0.00000000 0.00000000 0.00000000 0.00000000 1.00000000 1.00000000 1.00000000 1.00000000 1.00000000 1.00000000 1.00000000 1.00000000 1.00000000 1.00000000 1
121
1.00000000 1.00000000 0.00000000 1.0000
0.89972681 1.00000000 0.00000000 1.0000
0.79960824 1.00000000 0.00000000 1.0000
0.69976876 1.00000000 0.00000000 1.0000
0.59986630 1.00000000 0.00000000 1.0000
0.50000164 1.00000000 0.00000000 1.0000
0.40013940 1.00000000 0.00000000 1.0000
0.30023474 1.00000000 0.00000000 1.0000
0.20039405 1.00000000 0.00000000 1.0000
0.10027429 1.00000000 0.00000000 1.0000
0.00000000 1.00000000 0.00000000 1.0000
0.95894427 0.95894427 0.00000000 1.0000
0.86694241 0.95938470 0.00000000 1.0000
0.77506043 0.95970212 0.00000000 1.0000
0.68339826 0.95996366 0.00000000 1.0000
0.59168541 0.96000571 0.00000000 1.0000
0.50000142 0.96019033 0.00000000 1.0000
0.40831897 0.96000568 0.00000000 1.0000
0.31660467 0.95996360 0.00000000 1.0000
0.22494134 0.95970209 0.00000000 1.0000
0.13305848 0.95938467 0.00000000 1.0000
0.04105573 0.95894427 0.00000000 1.0000
0.91788854 0.91788854 0.00000000 1.0000
0.83415801 0.91876940 0.00000000 1.0000
0.75051263 0.91940423 0.00000000 1.0000
0.66702775 0.91992732 0.00000000 1.0000
0.58350452 0.92001142 0.00000000 1.0000
0.50000119 0.92038065 0.00000000 1.0000
0.41649853 0.92001136 0.00000000 1.0000
0.33297460 0.91992721 0.00000000 1.0000
0.24948863 0.91940417 0.00000000 1.0000
0.16584268 0.91876934 0.00000000 1.0000
0.08211146 0.91788854 0.00000000 1.0000
0.87683282 0.87683282 0.00000000 1.0000
0.80137361 0.87815410 0.00000000 1.0000
0.72596482 0.87910635 0.00000000 1.0000
0.65065724 0.87989098 0.00000000 1.0000
0.57532363 0.88001713 0.00000000 1.0000
0.50000097 0.88057098 0.00000000 1.0000
0.42467810 0.88001704 0.00000000 1.0000
0.34934454 0.87989081 0.00000000 1.0000
0.27403592 0.87910626 0.00000000 1.0000
0.19862687 0.87815401 0.00000000 1.0000
0.12316718 0.87683282 0.00000000 1.0000
0.83577709 0.83577709 0.00000000 1.0000
0.76858922 0.83753880 0.00000000 1.0000
0.70141702 0.83880847 0.00000000 1.0000
0.63428674 0.83985464 0.00000000 1.0000
0.56714274 0.84002284 0.00000000 1.0000
0.50000075 0.84076131 0.00000000 1.0000
0.43285766 0.84002272 0.00000000 1.0000
0.36571447 0.83985441 0.00000000 1.0000
0.29858321 0.83880835 0.00000000 1.0000
0.23141106 0.83753868 0.00000000 1.0000
0.16422291 0.83577709 0.00000000 1.0000
0.79472136 0.79472136 0.00000000 1.0000
0.73580482 0.79692350 0.00000000 1.0000
0.67686921 0.79851058 0.00000000 1.0000
0.61791623 0.79981830 0.00000000 1.0000
0.55896185 0.80002855 0.00000000 1.0000
0.50000053 0.80095163 0.00000000 1.0000
0.44103723 0.80002840 0.00000000 1.0000
0.38208440 0.79981802 0.00000000 1.0000
0.32313050 0.79851044 0.00000000 1.0000
0.26419526 0.79692335 0.00000000 1.0000
0.20527864 0.79472136 0.00000000 1.0000
0.75366563 0.75366563 0.00000000 1.0000
0.70302042 0.75630819 0.00000000 1.0000
0.65232141 0.75821270 0.00000000 1.0000
0.60154572 0.75978196 0.00000000 1.0000
0.55078096 0.76003426 0.00000000 1.0000
0.50000031 0.76114196 0.00000000 1.0000
0.44921679 0.76003408 0.00000000 1.0000
0.39845433 0.75978162 0.00000000 1.0000
0.34767780 0.75821252 0.00000000 1.0000
0.29697945 0.75630802 0.00000000 1.0000
0.24633437 0.75366563 0.00000000 1.0000
0.71260990 0.71260990 0.00000000 1.0000
0.67023602 0.71569289 0.00000000 1.0000
0.62777360 0.71791481 0.00000000 1.0000
0.58517522 0.71974562 0.00000000 1.0000
0.54260007 0.72003997 0.00000000 1.0000
0.50000008 0.72133228 0.00000000 1.0000
0.45739636 0.72003976 0.00000000 1.0000
0.41482426 0.71974522 0.00000000 1.0000
0.37222509 0.71791461 0.00000000 1.0000
0.32976365 0.71569269 0.00000000 1.0000
0.28739010 0.71260990 0.00000000 1.0000
0.67155418 0.67155418 0.00000000 1.0000
0.63745162 0.67507759 0.00000000 1.0000
0.60322579 0.67761693 0.00000000 1.0000
0.56880471 0.67970928 0.00000000 1.0000
0.53441918 0.68004568 0.00000000 1.0000
0.49999986 0.68152261 0.00000000 1.0000
0.46557592 0.68004544 0.00000000 1.0000
0.43119419 0.67970883 0.00000000 1.0000
0.39677238 0.67761670 0.00000000 1.0000
0.36254784 0.67507736 0.00000000 1.0000
0.32844582 0.67155418 0.00000000 1.0000
0.63049845 0.63049845 0.00000000 1.0000
0.60466722 0.63446229 0.00000000 1.0000
0.57867799 0.63731905 0.00000000 1.0000
0.55243420 0.63967294 0.00000000 1.0000
0.52623829 0.64005139 0.00000000 1.0000
0.49999964 0.64171294 0.00000000 1.0000
0.47375549 0.64005112 0.00000000 1.0000
0.44756412 0.63967243 0.00000000 1.0000
0.42131967 0.63731878 0.00000000 1.0000
0.39533204 0.63446203 0.00000000 1.0000
0.36950155 0.63049845 0.00000000 1.0000
0.58944272 0.58944272 0.00000000 1.0000
0.57188282 0.59384699 0.00000000 1.0000
0.55413018 0.59702116 0.00000000 1.0000
0.53606370 0.59963660 0.00000000 1.0000
0.51805739 0.60005710 0.00000000 1.0000
0.49999942 0.60190326 0.00000000 1.0000
0.48193505 0.60005680 0.00000000 1.0000
0.46393406 0.59963603 0.00000000 1.0000
0.44586696 0.59702087 0.00000000 1.0000
0.42811623 0.59384670 0.00000000 1.0000
0.41055728 0.58944272 0.00000000 1.0000
