22
0 0.00000000 0.00000000 0.00000000 0.00000000 0.00000000 0.00000000 0.00000000 0.00000000 0.00000000 0.00000000 1.00000000 1.00000000 1.00000000 1.00000000 1.00000000 1.00000000 1.00000000 1.00000000 1.00000000 1.00000000 1
22
0 0.00000000 0.00000000 0.00000000 0.00000000 0.00000000 0.00000000 0.00000000 0.00000000 0.00000000 0.00000000 1.00000000 1.00000000 1.00000000 1.00000000 1.00000000 1.00000000 1.00000000 1.00000000 1.00000000 1.00000000 1
121
0.00000000 1.00000000 0.00000000 1.0000
0.00000000 0.90032852 0.00000000 1.0000
0.00000000 0.80201420 0.00000000 1.0000
0.00000000 0.70238511 0.00000000 1.0000
0.00000000 0.60321603 0.00000000 1.0000
0.00000000 0.50395660 0.00000000 1.0000
0.00000000 0.40346788 0.00000000 1.0000
0.00000000 0.30366143 0.00000000 1.0000
0.00000000 0.20269110 0.00000000 1.0000
0.00000000 0.10169097 0.00000000 1.0000
0.00000000 0.00000000 0.00000000 1.0000
0.03709523 0.96290477 0.00000000 1.0000
0.03660890 0.87113966 0.00000000 1.0000
0.03660509 0.78044034 0.00000000 1.0000
0.03682594 0.68870324 0.00000000 1.0000
0.03724916 0.59732699 0.00000000 1.0000
0.03789721 0.50590433 0.00000000 1.0000
0.03855194 0.41348599 0.00000000 1.0000
0.03948803 0.32164039 0.00000000 1.0000
0.04041996 0.22886076 0.00000000 1.0000
0.04153515 0.13607396 0.00000000 1.0000
0.04274432 0.04274432 0.00000000 1.0000
0.07419045 0.92580955 0.00000000 1.0000
0.07321780 0.84195079 0.00000000 1.0000
0.07321017 0.75886648 0.00000000 1.0000
0.07365189 0.67502138 0.00000000 1.0000
0.07449832 0.59143796 0.00000000 1.0000
0.07579442 0.50785207 0.00000000 1.0000
0.07710388 0.42350411 0.00000000 1.0000
0.07897605 0.33961934 0.00000000 1.0000
0.08083991 0.25503042 0.00000000 1.0000
0.08307030 0.17045695 0.00000000 1.0000
0.08548864 0.08548864 0.00000000 1.0000
0.11128568 0.88871432 0.00000000 1.0000
0.10982670 0.81276193 0.00000000 1.0000
0.10981526 0.73729262 0.00000000 1.0000
0.11047783 0.66133952 0.00000000 1.0000
0.11174748 0.58554893 0.00000000 1.0000
0.11369163 0.50979980 0.00000000 1.0000
0.11565582 0.43352222 0.00000000 1.0000
0.11846408 0.35759830 0.00000000 1.0000
0.12125987 0.28120008 0.00000000 1.0000
0.12460545 0.20483994 0.00000000 1.0000
0.12823296 0.12823296 0.00000000 1.0000
0.14838091 0.85161909 0.00000000 1.0000
0.14643561 0.78357306 0.00000000 1.0000
0.14642034 0.71571877 0.00000000 1.0000
0.14730377 0.64765766 0.00000000 1.0000
0.14899664 0.57965990 0.00000000 1.0000
0.15158884 0.51174753 0.00000000 1.0000
0.15420776 0.44354034 0.00000000 1.0000
0.15795211 0.37557725 0.00000000 1.0000
0.16167983 0.30736974 0.00000000 1.0000
0.16614060 0.23922293 0.00000000 1.0000
0.17097728 0.17097728 0.00000000 1.0000
0.18547613 0.81452387 0.00000000 1.0000
0.18304451 0.75438420 0.00000000 1.0000
0.18302543 0.69414491 0.00000000 1.0000
0.18412971 0.63397579 0.00000000 1.0000
0.18624580 0.57377087 0.00000000 1.0000
0.18948604 0.51369526 0.00000000 1.0000
0.19275970 0.45355845 0.00000000 1.0000
0.19744013 0.39355620 0.00000000 1.0000
0.20209978 0.33353940 0.00000000 1.0000
0.20767575 0.27360592 0.00000000 1.0000
0.21372160 0.21372160 0.00000000 1.0000
0.22257136 0.77742864 0.00000000 1.0000
0.21965341 0.72519533 0.00000000 1.0000
0.21963052 0.67257105 0.00000000 1.0000
0.22095566 0.62029393 0.00000000 1.0000
0.22349496 0.56788183 0.00000000 1.0000
0.22738325 0.51564300 0.00000000 1.0000
0.23131164 0.46357657 0.00000000 1.0000
0.23692816 0.41153516 0.00000000 1.0000
0.24251974 0.35970906 0.00000000 1.0000
0.24921090 0.30798891 0.00000000 1.0000
0.25646591 0.25646591 0.00000000 1.0000
0.25966659 0.74033341 0.00000000 1.0000
0.25626231 0.69600646 0.00000000 1.0000
0.25623560 0.65099719 0.00000000 1.0000
0.25778160 0.60661207 0.00000000 1.0000
0.26074412 0.56199280 0.00000000 1.0000
0.26528046 0.51759073 0.00000000 1.0000
0.26986358 0.47359468 0.00000000 1.0000
0.27641619 0.42951411 0.00000000 1.0000
0.28293969 0.38587872 0.00000000 1.0000
0.29074605 0.34237190 0.00000000 1.0000
0.29921023 0.29921023 0.00000000 1.0000
0.29676181 0.70323819 0.00000000 1.0000
0.29287121 0.66681760 0.00000000 1.0000
0.29284069 0.62942334 0.00000000 1.0000
0.29460754 0.59293021 0.00000000 1.0000
0.29799328 0.55610377 0.00000000 1.0000
0.30317767 0.51953846 0.00000000 1.0000
0.30841552 0.48361280 0.00000000 1.0000
0.31590421 0.44749307 0.00000000 1.0000
0.32335965 0.41204838 0.00000000 1.0000
0.33228120 0.37675489 0.00000000 1.0000
0.34195455 0.34195455 0.00000000 1.0000
0.33385704 0.66614296 0.00000000 1.0000
0.32948011 0.63762873 0.00000000 1.0000
0.32944578 0.60784948 0.00000000 1.0000
0.33143348 0.57924834 0.00000000 1.0000
0.33524244 0.55021474 0.00000000 1.0000
0.34107488 0.52148619 0.00000000 1.0000
0.34696746 0.49363091 0.00000000 1.0000
0.35539224 0.46547202 0.00000000 1.0000
0.36377961 0.43821804 0.00000000 1.0000
0.37381635 0.41113788 0.00000000 1.0000
0.38469887 0.38469887 0.00000000 1.0000
0.37095227 0.62904773 0.00000000 1.0000
0.36608901 0.60843987 0.00000000 1.0000
0.36605086 0.58627562 0.00000000 1.0000
0.36825943 0.56556648 0.00000000 1.0000
0.37249161 0.54432571 0.00000000 1.0000
0.37897209 0.52343393 0.00000000 1.0000
0.38551940 0.50364903 0.00000000 1.0000
0.39488027 0.48345098 0.00000000 1.0000
0.40419956 0.46438770 0.00000000 1.0000
0.41535150 0.44552087 0.00000000 1.0000
0.42744319 0.42744319 0.00000000 1.0000
