10
0 0.00000000 0.00000000 0.00000000 0.00000000 1.00000000 1.00000000 1.00000000 1.00000000 1
11
0 0.00000000 0.00000000 0.00000000 0.00000000 0.50000000 1.00000000 1.00000000 1.00000000 1.00000000 1
30
0.00000000 0.00000000 0.00000000 1.0000
0.05131966 0.05131966 0.00000000 1.0000
0.15395898 0.15395898 0.00000000 1.0000
0.25659830 0.25659830 0.00000000 1.0000
0.35923762 0.35923762 0.00000000 1.0000
0.41055728 0.41055728 0.00000000 1.0000
0.00000000 0.13466811 0.00000000 1.0000
0.04627443 0.17045507 0.00000000 1.0000
0.13882329 0.24202898 0.00000000 1.0000
0.23137215 0.31360290 0.00000000 1.0000
0.32392102 0.38517681 0.00000000 1.0000
0.37019545 0.42096377 0.00000000 1.0000
0.00000000 0.26545990 0.00000000 1.0000
0.04202056 0.28673742 0.00000000 1.0000
0.12606167 0.32929247 0.00000000 1.0000
0.21010278 0.37184752 0.00000000 1.0000
0.29414389 0.41440257 0.00000000 1.0000
0.33616445 0.43568010 0.00000000 1.0000
0.00000000 0.38575986 0.00000000 1.0000
0.03746648 0.39546902 0.00000000 1.0000
0.11239945 0.41488733 0.00000000 1.0000
0.18733242 0.43430564 0.00000000 1.0000
0.26226539 0.45372395 0.00000000 1.0000
0.29973188 0.46343310 0.00000000 1.0000
0.00000000 0.50000000 0.00000000 1.0000
0.03750000 0.50000000 0.00000000 1.0000
0.11250000 0.50000000 0.00000000 1.0000
0.18750000 0.50000000 0.00000000 1.0000
0.26250000 0.50000000 0.00000000 1.0000
0.30000000 0.50000000 0.00000000 1.0000
