22
0 0.00000000 0.00000000 0.00000000 0.00000000 0.00000000 0.00000000 0.00000000 0.00000000 0.00000000 0.00000000 1.00000000 1.00000000 1.00000000 1.00000000 1.00000000 1.00000000 1.00000000 1.00000000 1.00000000 1.00000000 1
22
0 0.00000000 0.00000000 0.00000000 0.00000000 0.00000000 0.00000000 0.00000000 0.00000000 0.00000000 0.00000000 1.00000000 1.00000000 1.00000000 1.00000000 1.00000000 1.00000000 1.00000000 1.00000000 1.00000000 1.00000000 1
121
1.00000000 1.00000000 0.00000000 1.0000
0.90040529 1.00000000 0.00000000 1.0000
0.80175911 1.00000000 0.00000000 1.0000
0.70281351 1.00000000 0.00000000 1.0000
0.60285802 1.00000000 0.00000000 1.0000
0.50407204 1.00000000 0.00000000 1.0000
0.40348298 1.00000000 0.00000000 1.0000
0.30364193 1.00000000 0.00000000 1.0000
0.20269661 1.00000000 0.00000000 1.0000
0.10168956 1.00000000 0.00000000 1.0000
0.00000000 1.00000000 0.00000000 1.0000
0.96290477 0.96290477 0.00000000 1.0000
0.87120094 0.96339015 0.00000000 1.0000
0.78023677 0.96339760 0.00000000 1.0000
0.68904491 0.96316933 0.00000000 1.0000
0.59704221 0.96275333 0.00000000 1.0000
0.50599482 0.96210510 0.00000000 1.0000
0.41349975 0.96144168 0.00000000 1.0000
0.32162365 0.96051856 0.00000000 1.0000
0.22886570 0.95957628 0.00000000 1.0000
0.13607269 0.95846593 0.00000000 1.0000
0.04274432 0.95725568 0.00000000 1.0000
0.92580955 0.92580955 0.00000000 1.0000
0.84199658 0.92678031 0.00000000 1.0000
0.75871444 0.92679520 0.00000000 1.0000
0.67527631 0.92633866 0.00000000 1.0000
0.59122640 0.92550666 0.00000000 1.0000
0.50791760 0.92421020 0.00000000 1.0000
0.42351652 0.92288335 0.00000000 1.0000
0.33960536 0.92103712 0.00000000 1.0000
0.25503479 0.91915256 0.00000000 1.0000
0.17045582 0.91693185 0.00000000 1.0000
0.08548864 0.91451136 0.00000000 1.0000
0.88871432 0.88871432 0.00000000 1.0000
0.81279223 0.89017046 0.00000000 1.0000
0.73719211 0.89019280 0.00000000 1.0000
0.66150770 0.88950799 0.00000000 1.0000
0.58541059 0.88825999 0.00000000 1.0000
0.50984037 0.88631529 0.00000000 1.0000
0.43353329 0.88432503 0.00000000 1.0000
0.35758707 0.88155568 0.00000000 1.0000
0.28120388 0.87872884 0.00000000 1.0000
0.20483896 0.87539778 0.00000000 1.0000
0.12823296 0.87176704 0.00000000 1.0000
0.85161909 0.85161909 0.00000000 1.0000
0.78358787 0.85356061 0.00000000 1.0000
0.71566978 0.85359040 0.00000000 1.0000
0.64773910 0.85267732 0.00000000 1.0000
0.57959478 0.85101332 0.00000000 1.0000
0.51176315 0.84842039 0.00000000 1.0000
0.44355005 0.84576671 0.00000000 1.0000
0.37556878 0.84207424 0.00000000 1.0000
0.30737297 0.83830512 0.00000000 1.0000
0.23922209 0.83386370 0.00000000 1.0000
0.17097728 0.82902272 0.00000000 1.0000
0.81452387 0.81452387 0.00000000 1.0000
0.75438352 0.81695077 0.00000000 1.0000
0.69414745 0.81698800 0.00000000 1.0000
0.63397049 0.81584665 0.00000000 1.0000
0.57377897 0.81376665 0.00000000 1.0000
0.51368593 0.81052549 0.00000000 1.0000
0.45356682 0.80720839 0.00000000 1.0000
0.39355050 0.80259280 0.00000000 1.0000
0.33354206 0.79788140 0.00000000 1.0000
0.27360522 0.79232963 0.00000000 1.0000
0.21372160 0.78627840 0.00000000 1.0000
0.77742864 0.77742864 0.00000000 1.0000
0.72517916 0.78034092 0.00000000 1.0000
0.67262512 0.78038560 0.00000000 1.0000
0.62020189 0.77901597 0.00000000 1.0000
0.56796316 0.77651999 0.00000000 1.0000
0.51560870 0.77263059 0.00000000 1.0000
0.46358359 0.76865006 0.00000000 1.0000
0.41153221 0.76311137 0.00000000 1.0000
0.35971115 0.75745768 0.00000000 1.0000
0.30798836 0.75079556 0.00000000 1.0000
0.25646591 0.74353409 0.00000000 1.0000
0.74033341 0.74033341 0.00000000 1.0000
0.69597481 0.74373107 0.00000000 1.0000
0.65110278 0.74378320 0.00000000 1.0000
0.60643328 0.74218530 0.00000000 1.0000
0.56214735 0.73927332 0.00000000 1.0000
0.51753148 0.73473569 0.00000000 1.0000
0.47360036 0.73009174 0.00000000 1.0000
0.42951392 0.72362993 0.00000000 1.0000
0.38588024 0.71703396 0.00000000 1.0000
0.34237149 0.70926148 0.00000000 1.0000
0.29921023 0.70078977 0.00000000 1.0000
0.70323819 0.70323819 0.00000000 1.0000
0.66677045 0.70712122 0.00000000 1.0000
0.62958045 0.70718080 0.00000000 1.0000
0.59266468 0.70535463 0.00000000 1.0000
0.55633154 0.70202665 0.00000000 1.0000
0.51945426 0.69684079 0.00000000 1.0000
0.48361713 0.69153342 0.00000000 1.0000
0.44749563 0.68414849 0.00000000 1.0000
0.41204933 0.67661024 0.00000000 1.0000
0.37675463 0.66772741 0.00000000 1.0000
0.34195455 0.65804545 0.00000000 1.0000
0.66614296 0.66614296 0.00000000 1.0000
0.63756610 0.67051138 0.00000000 1.0000
0.60805812 0.67057840 0.00000000 1.0000
0.57889608 0.66852396 0.00000000 1.0000
0.55051572 0.66477998 0.00000000 1.0000
0.52137703 0.65894589 0.00000000 1.0000
0.49363390 0.65297509 0.00000000 1.0000
0.46547735 0.64466705 0.00000000 1.0000
0.43821842 0.63618652 0.00000000 1.0000
0.41113776 0.62619333 0.00000000 1.0000
0.38469887 0.61530113 0.00000000 1.0000
0.62904773 0.62904773 0.00000000 1.0000
0.60836174 0.63390153 0.00000000 1.0000
0.58653579 0.63397600 0.00000000 1.0000
0.56512747 0.63169329 0.00000000 1.0000
0.54469991 0.62753331 0.00000000 1.0000
0.52329981 0.62105098 0.00000000 1.0000
0.50365067 0.61441677 0.00000000 1.0000
0.48345906 0.60518561 0.00000000 1.0000
0.46438751 0.59576280 0.00000000 1.0000
0.44552089 0.58465926 0.00000000 1.0000
0.42744319 0.57255681 0.00000000 1.0000
