24
0 0.00000000 0.00000000 0.00000000 0.00000000 0.00000000 0.00000000 0.00000000 0.00000000 0.00000000 0.00000000 0.00000000 1.00000000 1.00000000 1.00000000 1.00000000 1.00000000 1.00000000 1.00000000 1.00000000 1.00000000 1.00000000 1.00000000 1
24
0 0.00000000 0.00000000 0.00000000 0.00000000 0.00000000 0.00000000 0.00000000 0.00000000 0.00000000 0.00000000 0.00000000 1.00000000 1.00000000 1.00000000 1.00000000 1.00000000 1.00000000 1.00000000 1.00000000 1.00000000 1.00000000 1.00000000 1
144
0.00000000 0.00000000 0.00000000 1.0000
0.04682143 0.00000000 0.00000000 1.0000
0.09199175 0.00000000 0.00000000 1.0000
0.13848879 0.00000000 0.00000000 1.0000
0.18159353 0.00000000 0.00000000 1.0000
0.22860495 0.00000000 0.00000000 1.0000
0.27170012 0.00000000 0.00000000 1.0000
0.31770328 0.00000000 0.00000000 1.0000
0.36215124 0.00000000 0.00000000 1.0000
0.40768298 0.00000000 0.00000000 1.0000
0.45325622 0.00000000 0.00000000 1.0000
0.50000000 0.00000000 0.00000000 1.0000
0.01302266 0.03906799 0.00000000 1.0000
0.05715956 0.03800373 0.00000000 1.0000
0.09999562 0.03720865 0.00000000 1.0000
0.14395015 0.03668976 0.00000000 1.0000
0.18513103 0.03629579 0.00000000 1.0000
0.22953406 0.03615293 0.00000000 1.0000
0.27071598 0.03614087 0.00000000 1.0000
0.31429249 0.03630944 0.00000000 1.0000
0.35657454 0.03667803 0.00000000 1.0000
0.39973765 0.03721500 0.00000000 1.0000
0.44290405 0.03800244 0.00000000 1.0000
0.48697729 0.03906812 0.00000000 1.0000
0.02604533 0.07813598 0.00000000 1.0000
0.06749768 0.07600746 0.00000000 1.0000
0.10799949 0.07441730 0.00000000 1.0000
0.14941150 0.07337952 0.00000000 1.0000
0.18866852 0.07259157 0.00000000 1.0000
0.23046318 0.07230586 0.00000000 1.0000
0.26973183 0.07228173 0.00000000 1.0000
0.31088169 0.07261888 0.00000000 1.0000
0.35099784 0.07335606 0.00000000 1.0000
0.39179231 0.07442999 0.00000000 1.0000
0.43255187 0.07600488 0.00000000 1.0000
0.47395459 0.07813624 0.00000000 1.0000
0.03906799 0.11720397 0.00000000 1.0000
0.07783580 0.11401119 0.00000000 1.0000
0.11600336 0.11162595 0.00000000 1.0000
0.15487286 0.11006928 0.00000000 1.0000
0.19220602 0.10888736 0.00000000 1.0000
0.23139230 0.10845879 0.00000000 1.0000
0.26874768 0.10842260 0.00000000 1.0000
0.30747090 0.10892831 0.00000000 1.0000
0.34542114 0.11003409 0.00000000 1.0000
0.38384698 0.11164499 0.00000000 1.0000
0.42219969 0.11400731 0.00000000 1.0000
0.46093188 0.11720435 0.00000000 1.0000
0.05209065 0.15627196 0.00000000 1.0000
0.08817393 0.15201492 0.00000000 1.0000
0.12400723 0.14883461 0.00000000 1.0000
0.16033421 0.14675904 0.00000000 1.0000
0.19574352 0.14518314 0.00000000 1.0000
0.23232141 0.14461172 0.00000000 1.0000
0.26776353 0.14456347 0.00000000 1.0000
0.30406010 0.14523775 0.00000000 1.0000
0.33984443 0.14671212 0.00000000 1.0000
0.37590164 0.14885999 0.00000000 1.0000
0.41184751 0.15200975 0.00000000 1.0000
0.44790918 0.15627247 0.00000000 1.0000
0.06511332 0.19533995 0.00000000 1.0000
0.09851205 0.19001865 0.00000000 1.0000
0.13201110 0.18604326 0.00000000 1.0000
0.16579557 0.18344880 0.00000000 1.0000
0.19928101 0.18147893 0.00000000 1.0000
0.23325053 0.18076465 0.00000000 1.0000
0.26677938 0.18070434 0.00000000 1.0000
0.30064930 0.18154719 0.00000000 1.0000
0.33426773 0.18339015 0.00000000 1.0000
0.36795631 0.18607498 0.00000000 1.0000
0.40149533 0.19001219 0.00000000 1.0000
0.43488647 0.19534059 0.00000000 1.0000
0.07813598 0.23440794 0.00000000 1.0000
0.10885018 0.22802238 0.00000000 1.0000
0.14001497 0.22325191 0.00000000 1.0000
0.17125692 0.22013856 0.00000000 1.0000
0.20281851 0.21777472 0.00000000 1.0000
0.23417964 0.21691758 0.00000000 1.0000
0.26579524 0.21684520 0.00000000 1.0000
0.29723851 0.21785663 0.00000000 1.0000
0.32869103 0.22006818 0.00000000 1.0000
0.36001097 0.22328998 0.00000000 1.0000
0.39114316 0.22801463 0.00000000 1.0000
0.42186376 0.23440871 0.00000000 1.0000
0.09115864 0.27347592 0.00000000 1.0000
0.11918830 0.26602612 0.00000000 1.0000
0.14801884 0.26046056 0.00000000 1.0000
0.17671828 0.25682832 0.00000000 1.0000
0.20635601 0.25407050 0.00000000 1.0000
0.23510876 0.25307051 0.00000000 1.0000
0.26481109 0.25298607 0.00000000 1.0000
0.29382771 0.25416606 0.00000000 1.0000
0.32311433 0.25674622 0.00000000 1.0000
0.35206564 0.26050498 0.00000000 1.0000
0.38079098 0.26601707 0.00000000 1.0000
0.40884106 0.27347682 0.00000000 1.0000
0.10418130 0.31254391 0.00000000 1.0000
0.12952642 0.30402985 0.00000000 1.0000
0.15602271 0.29766921 0.00000000 1.0000
0.18217963 0.29351808 0.00000000 1.0000
0.20989351 0.29036629 0.00000000 1.0000
0.23603787 0.28922344 0.00000000 1.0000
0.26382694 0.28912694 0.00000000 1.0000
0.29041692 0.29047550 0.00000000 1.0000
0.31753763 0.29342425 0.00000000 1.0000
0.34412030 0.29771997 0.00000000 1.0000
0.37043880 0.30401951 0.00000000 1.0000
0.39581835 0.31254494 0.00000000 1.0000
0.11720397 0.35161190 0.00000000 1.0000
0.13986455 0.34203358 0.00000000 1.0000
0.16402658 0.33487786 0.00000000 1.0000
0.18764099 0.33020784 0.00000000 1.0000
0.21343100 0.32666208 0.00000000 1.0000
0.23696699 0.32537637 0.00000000 1.0000
0.26284279 0.32526780 0.00000000 1.0000
0.28700612 0.32678494 0.00000000 1.0000
0.31196093 0.33010228 0.00000000 1.0000
0.33617497 0.33493497 0.00000000 1.0000
0.36008662 0.34202194 0.00000000 1.0000
0.38279565 0.35161306 0.00000000 1.0000
0.13022663 0.39067989 0.00000000 1.0000
0.15020267 0.38003731 0.00000000 1.0000
0.17203045 0.37208651 0.00000000 1.0000
0.19310234 0.36689760 0.00000000 1.0000
0.21696850 0.36295786 0.00000000 1.0000
0.23789611 0.36152930 0.00000000 1.0000
0.26185864 0.36140867 0.00000000 1.0000
0.28359532 0.36309438 0.00000000 1.0000
0.30638422 0.36678031 0.00000000 1.0000
0.32822963 0.37214996 0.00000000 1.0000
0.34973444 0.38002438 0.00000000 1.0000
0.36977294 0.39068118 0.00000000 1.0000
0.14324929 0.42974788 0.00000000 1.0000
0.16054079 0.41804104 0.00000000 1.0000
0.18003432 0.40929517 0.00000000 1.0000
0.19856370 0.40358736 0.00000000 1.0000
0.22050600 0.39925365 0.00000000 1.0000
0.23882522 0.39768223 0.00000000 1.0000
0.26087450 0.39754954 0.00000000 1.0000
0.28018453 0.39940382 0.00000000 1.0000
0.30080752 0.40345834 0.00000000 1.0000
0.32028430 0.40936496 0.00000000 1.0000
0.33938227 0.41802682 0.00000000 1.0000
0.35675024 0.42974929 0.00000000 1.0000
