22
0 0.00000000 0.00000000 0.00000000 0.00000000 0.00000000 0.00000000 0.00000000 0.00000000 0.00000000 0.00000000 1.00000000 1.00000000 1.00000000 1.00000000 1.00000000 1.00000000 1.00000000 1.00000000 1.00000000 1.00000000 1
22
0 0.00000000 0.00000000 0.00000000 0.00000000 0.00000000 0.00000000 0.00000000 0.00000000 0.00000000 0.00000000 1.00000000 1.00000000 1.00000000 1.00000000 1.00000000 1.00000000 1.00000000 1.00000000 1.00000000 1.00000000 1
121
2.00000000 1.00000000 0.00000000 1.0000
1.79586410 1.00000000 0.00000000 1.0000
1.59769871 1.00000000 0.00000000 1.0000
1.39614365 1.00000000 0.00000000 1.0000
1.20084243 1.00000000 0.00000000 1.0000
0.99785054 1.00000000 0.00000000 1.0000
0.80263020 1.00000000 0.00000000 1.0000
0.60210429 1.00000000 0.00000000 1.0000
0.40283398 1.00000000 0.00000000 1.0000
0.20398674 1.00000000 0.00000000 1.0000
0.00000000 1.00000000 0.00000000 1.0000
1.92146790 0.95512452 0.00000000 1.0000
1.73396701 0.95765281 0.00000000 1.0000
1.55111029 0.95882733 0.00000000 1.0000
1.36557640 0.95985508 0.00000000 1.0000
1.18499426 0.96017517 0.00000000 1.0000
0.99828141 0.96048418 0.00000000 1.0000
0.81778204 0.96019162 0.00000000 1.0000
0.63302308 0.95983352 0.00000000 1.0000
0.44931537 0.95884020 0.00000000 1.0000
0.26591358 0.95765134 0.00000000 1.0000
0.07853210 0.95512452 0.00000000 1.0000
1.84293581 0.91024903 0.00000000 1.0000
1.67206991 0.91530562 0.00000000 1.0000
1.50452188 0.91765465 0.00000000 1.0000
1.33500916 0.91971017 0.00000000 1.0000
1.16914609 0.92035033 0.00000000 1.0000
0.99871227 0.92096836 0.00000000 1.0000
0.83293387 0.92038323 0.00000000 1.0000
0.66394186 0.91966704 0.00000000 1.0000
0.49579675 0.91768041 0.00000000 1.0000
0.32784041 0.91530268 0.00000000 1.0000
0.15706419 0.91024903 0.00000000 1.0000
1.76440371 0.86537355 0.00000000 1.0000
1.61017281 0.87295843 0.00000000 1.0000
1.45793346 0.87648198 0.00000000 1.0000
1.30444192 0.87956525 0.00000000 1.0000
1.15329793 0.88052550 0.00000000 1.0000
0.99914313 0.88145254 0.00000000 1.0000
0.84808571 0.88057485 0.00000000 1.0000
0.69486065 0.87950057 0.00000000 1.0000
0.54227814 0.87652061 0.00000000 1.0000
0.38976725 0.87295403 0.00000000 1.0000
0.23559629 0.86537355 0.00000000 1.0000
1.68587161 0.82049806 0.00000000 1.0000
1.54827572 0.83061123 0.00000000 1.0000
1.41134504 0.83530930 0.00000000 1.0000
1.27387467 0.83942033 0.00000000 1.0000
1.13744976 0.84070066 0.00000000 1.0000
0.99957399 0.84193673 0.00000000 1.0000
0.86323755 0.84076647 0.00000000 1.0000
0.72577943 0.83933409 0.00000000 1.0000
0.58875952 0.83536082 0.00000000 1.0000
0.45169409 0.83060537 0.00000000 1.0000
0.31412839 0.82049806 0.00000000 1.0000
1.60733951 0.77562258 0.00000000 1.0000
1.48637862 0.78826404 0.00000000 1.0000
1.36475663 0.79413663 0.00000000 1.0000
1.24330743 0.79927542 0.00000000 1.0000
1.12160160 0.80087583 0.00000000 1.0000
1.00000485 0.80242091 0.00000000 1.0000
0.87838938 0.80095808 0.00000000 1.0000
0.75669822 0.79916761 0.00000000 1.0000
0.63524091 0.79420102 0.00000000 1.0000
0.51362092 0.78825671 0.00000000 1.0000
0.39266049 0.77562258 0.00000000 1.0000
1.52880742 0.73074710 0.00000000 1.0000
1.42448153 0.74591685 0.00000000 1.0000
1.31816821 0.75296395 0.00000000 1.0000
1.21274018 0.75913050 0.00000000 1.0000
1.10575343 0.76105099 0.00000000 1.0000
1.00043571 0.76290509 0.00000000 1.0000
0.89354122 0.76114970 0.00000000 1.0000
0.78761700 0.75900113 0.00000000 1.0000
0.68172229 0.75304123 0.00000000 1.0000
0.57554776 0.74590805 0.00000000 1.0000
0.47119258 0.73074710 0.00000000 1.0000
1.45027532 0.68587161 0.00000000 1.0000
1.36258443 0.70356966 0.00000000 1.0000
1.27157979 0.71179128 0.00000000 1.0000
1.18217294 0.71898558 0.00000000 1.0000
1.08990526 0.72122616 0.00000000 1.0000
1.00086658 0.72338927 0.00000000 1.0000
0.90869306 0.72134131 0.00000000 1.0000
0.81853579 0.71883465 0.00000000 1.0000
0.72820367 0.71188143 0.00000000 1.0000
0.63747460 0.70355939 0.00000000 1.0000
0.54972468 0.68587161 0.00000000 1.0000
1.37174322 0.64099613 0.00000000 1.0000
1.30068734 0.66122247 0.00000000 1.0000
1.22499137 0.67061860 0.00000000 1.0000
1.15160569 0.67884067 0.00000000 1.0000
1.07405710 0.68140133 0.00000000 1.0000
1.00129744 0.68387345 0.00000000 1.0000
0.92384490 0.68153293 0.00000000 1.0000
0.84945457 0.67866818 0.00000000 1.0000
0.77468506 0.67072164 0.00000000 1.0000
0.69940143 0.66121074 0.00000000 1.0000
0.62825678 0.64099613 0.00000000 1.0000
1.29321113 0.59612064 0.00000000 1.0000
1.23879024 0.61887528 0.00000000 1.0000
1.17840296 0.62944593 0.00000000 1.0000
1.12103845 0.63869575 0.00000000 1.0000
1.05820893 0.64157649 0.00000000 1.0000
1.00172830 0.64435763 0.00000000 1.0000
0.93899673 0.64172455 0.00000000 1.0000
0.88037336 0.63850170 0.00000000 1.0000
0.82116644 0.62956184 0.00000000 1.0000
0.76132827 0.61886208 0.00000000 1.0000
0.70678887 0.59612064 0.00000000 1.0000
1.21467903 0.55124516 0.00000000 1.0000
1.17689314 0.57652808 0.00000000 1.0000
1.13181454 0.58827325 0.00000000 1.0000
1.09047121 0.59855083 0.00000000 1.0000
1.04236077 0.60175166 0.00000000 1.0000
1.00215916 0.60484182 0.00000000 1.0000
0.95414857 0.60191616 0.00000000 1.0000
0.91129214 0.59833522 0.00000000 1.0000
0.86764783 0.58840205 0.00000000 1.0000
0.82325511 0.57651342 0.00000000 1.0000
0.78532097 0.55124516 0.00000000 1.0000
