22
0 0.00000000 0.00000000 0.00000000 0.00000000 0.00000000 0.00000000 0.00000000 0.00000000 0.00000000 0.00000000 1.00000000 1.00000000 1.00000000 1.00000000 1.00000000 1.00000000 1.00000000 1.00000000 1.00000000 1.00000000 1
22
0 0.00000000 0.00000000 0.00000000 0.00000000 0.00000000 0.00000000 0.00000000 0.00000000 0.00000000 0.00000000 1.00000000 1.00000000 1.00000000 1.00000000 1.00000000 1.00000000 1.00000000 1.00000000 1.00000000 1.00000000 1
121
1.50000000 1.00000000 0.00000000 1.0000
1.34800066 1.00000000 0.00000000 1.0000
1.19727660 1.00000000 0.00000000 1.0000
1.04911470 1.00000000 0.00000000 1.0000
0.89715341 1.00000000 0.00000000 1.0000
0.75231916 1.00000000 0.00000000 1.0000
0.59887214 1.00000000 0.00000000 1.0000
0.45333531 1.00000000 0.00000000 1.0000
0.30169675 1.00000000 0.00000000 1.0000
0.15223776 1.00000000 0.00000000 1.0000
0.00000000 1.00000000 0.00000000 1.0000
1.43560660 0.95707107 0.00000000 1.0000
1.29691797 0.95832056 0.00000000 1.0000
1.15922363 0.95924017 0.00000000 1.0000
1.02356569 0.95979288 0.00000000 1.0000
0.88486108 0.96023674 0.00000000 1.0000
0.75185582 0.96022689 0.00000000 1.0000
0.61195850 0.96024602 0.00000000 1.0000
0.47839486 0.95978248 0.00000000 1.0000
0.33995483 0.95924561 0.00000000 1.0000
0.20327280 0.95831953 0.00000000 1.0000
0.06439340 0.95707107 0.00000000 1.0000
1.37121320 0.91414214 0.00000000 1.0000
1.24583527 0.91664111 0.00000000 1.0000
1.12117067 0.91848033 0.00000000 1.0000
0.99801667 0.91958575 0.00000000 1.0000
0.87256875 0.92047349 0.00000000 1.0000
0.75139248 0.92045377 0.00000000 1.0000
0.62504486 0.92049203 0.00000000 1.0000
0.50345440 0.91956496 0.00000000 1.0000
0.37821291 0.91849121 0.00000000 1.0000
0.25430783 0.91663905 0.00000000 1.0000
0.12878680 0.91414214 0.00000000 1.0000
1.30681981 0.87121320 0.00000000 1.0000
1.19475258 0.87496167 0.00000000 1.0000
1.08311770 0.87772050 0.00000000 1.0000
0.97246766 0.87937863 0.00000000 1.0000
0.86027642 0.88071023 0.00000000 1.0000
0.75092914 0.88068066 0.00000000 1.0000
0.63813122 0.88073805 0.00000000 1.0000
0.52851395 0.87934744 0.00000000 1.0000
0.41647100 0.87773682 0.00000000 1.0000
0.30534286 0.87495858 0.00000000 1.0000
0.19318019 0.87121320 0.00000000 1.0000
1.24242641 0.82828427 0.00000000 1.0000
1.14366988 0.83328223 0.00000000 1.0000
1.04506473 0.83696066 0.00000000 1.0000
0.94691864 0.83917150 0.00000000 1.0000
0.84798409 0.84094697 0.00000000 1.0000
0.75046580 0.84090754 0.00000000 1.0000
0.65121758 0.84098407 0.00000000 1.0000
0.55357350 0.83912991 0.00000000 1.0000
0.45472908 0.83698242 0.00000000 1.0000
0.35637789 0.83327811 0.00000000 1.0000
0.25757359 0.82828427 0.00000000 1.0000
1.17803301 0.78535534 0.00000000 1.0000
1.09258719 0.79160278 0.00000000 1.0000
1.00701177 0.79620083 0.00000000 1.0000
0.92136963 0.79896438 0.00000000 1.0000
0.83569176 0.80118372 0.00000000 1.0000
0.75000246 0.80113443 0.00000000 1.0000
0.66430394 0.80123008 0.00000000 1.0000
0.57863304 0.79891239 0.00000000 1.0000
0.49298716 0.79622803 0.00000000 1.0000
0.40741293 0.79159763 0.00000000 1.0000
0.32196699 0.78535534 0.00000000 1.0000
1.11363961 0.74242641 0.00000000 1.0000
1.04150450 0.74992334 0.00000000 1.0000
0.96895880 0.75544099 0.00000000 1.0000
0.89582062 0.75875726 0.00000000 1.0000
0.82339943 0.76142046 0.00000000 1.0000
0.74953912 0.76136131 0.00000000 1.0000
0.67739030 0.76147610 0.00000000 1.0000
0.60369259 0.75869487 0.00000000 1.0000
0.53124524 0.75547363 0.00000000 1.0000
0.45844796 0.74991716 0.00000000 1.0000
0.38636039 0.74242641 0.00000000 1.0000
1.04924621 0.69949747 0.00000000 1.0000
0.99042180 0.70824390 0.00000000 1.0000
0.93090584 0.71468116 0.00000000 1.0000
0.87027160 0.71855013 0.00000000 1.0000
0.81110710 0.72165721 0.00000000 1.0000
0.74907578 0.72158820 0.00000000 1.0000
0.69047666 0.72172212 0.00000000 1.0000
0.62875213 0.71847735 0.00000000 1.0000
0.56950332 0.71471924 0.00000000 1.0000
0.50948299 0.70823669 0.00000000 1.0000
0.45075379 0.69949747 0.00000000 1.0000
0.98485281 0.65656854 0.00000000 1.0000
0.93933911 0.66656445 0.00000000 1.0000
0.89285287 0.67392133 0.00000000 1.0000
0.84472259 0.67834301 0.00000000 1.0000
0.79881477 0.68189395 0.00000000 1.0000
0.74861243 0.68181508 0.00000000 1.0000
0.70356302 0.68196813 0.00000000 1.0000
0.65381168 0.67825983 0.00000000 1.0000
0.60776141 0.67396484 0.00000000 1.0000
0.56051803 0.66655621 0.00000000 1.0000
0.51514719 0.65656854 0.00000000 1.0000
0.92045942 0.61363961 0.00000000 1.0000
0.88825642 0.62488501 0.00000000 1.0000
0.85479990 0.63316149 0.00000000 1.0000
0.81917357 0.63813588 0.00000000 1.0000
0.78652244 0.64213069 0.00000000 1.0000
0.74814909 0.64204197 0.00000000 1.0000
0.71664938 0.64221415 0.00000000 1.0000
0.67887123 0.63804231 0.00000000 1.0000
0.64601949 0.63321045 0.00000000 1.0000
0.61155306 0.62487574 0.00000000 1.0000
0.57954058 0.61363961 0.00000000 1.0000
0.85606602 0.57071068 0.00000000 1.0000
0.83717372 0.58320556 0.00000000 1.0000
0.81674694 0.59240166 0.00000000 1.0000
0.79362456 0.59792876 0.00000000 1.0000
0.77423010 0.60236744 0.00000000 1.0000
0.74768575 0.60226885 0.00000000 1.0000
0.72973574 0.60246017 0.00000000 1.0000
0.70393077 0.59782479 0.00000000 1.0000
0.68427757 0.59245605 0.00000000 1.0000
0.66258809 0.58319527 0.00000000 1.0000
0.64393398 0.57071068 0.00000000 1.0000
