22
0 0.00000000 0.00000000 0.00000000 0.00000000 0.00000000 0.00000000 0.00000000 0.00000000 0.00000000 0.00000000 1.00000000 1.00000000 1.00000000 1.00000000 1.00000000 1.00000000 1.00000000 1.00000000 1.00000000 1.00000000 1
22
0 0.00000000 0.00000000 0.00000000 0.00000000 0.00000000 0.00000000 0.00000000 0.00000000 0.00000000 0.00000000 1.00000000 1.00000000 1.00000000 1.00000000 1.00000000 1.00000000 1.00000000 1.00000000 1.00000000 1.00000000 1
121
0.00000000 1.00000000 0.00000000 1.0000
0.00000000 0.89984083 0.00000000 1.0000
0.00000000 0.79977196 0.00000000 1.0000
0.00000000 0.69986464 0.00000000 1.0000
0.00000000 0.59991779 0.00000000 1.0000
0.00000000 0.50000340 0.00000000 1.0000
0.00000000 0.40008094 0.00000000 1.0000
0.00000000 0.30014000 0.00000000 1.0000
0.00000000 0.20022814 0.00000000 1.0000
0.00000000 0.10016002 0.00000000 1.0000
0.00000000 0.00000000 0.00000000 1.0000
0.04552786 0.95447214 0.00000000 1.0000
0.04530789 0.86345189 0.00000000 1.0000
0.04514922 0.77250274 0.00000000 1.0000
0.04501802 0.68168226 0.00000000 1.0000
0.04499736 0.59082932 0.00000000 1.0000
0.04490450 0.50000305 0.00000000 1.0000
0.04499738 0.40916910 0.00000000 1.0000
0.04501805 0.31832181 0.00000000 1.0000
0.04514924 0.22749719 0.00000000 1.0000
0.04530790 0.13654883 0.00000000 1.0000
0.04552786 0.04552786 0.00000000 1.0000
0.09105573 0.90894427 0.00000000 1.0000
0.09061578 0.82706295 0.00000000 1.0000
0.09029845 0.74523351 0.00000000 1.0000
0.09003604 0.66349988 0.00000000 1.0000
0.08999472 0.58174085 0.00000000 1.0000
0.08980900 0.50000269 0.00000000 1.0000
0.08999475 0.41825725 0.00000000 1.0000
0.09003610 0.33650362 0.00000000 1.0000
0.09029848 0.25476625 0.00000000 1.0000
0.09061581 0.17293764 0.00000000 1.0000
0.09105573 0.09105573 0.00000000 1.0000
0.13658359 0.86341641 0.00000000 1.0000
0.13592366 0.79067400 0.00000000 1.0000
0.13544767 0.71796428 0.00000000 1.0000
0.13505405 0.64531750 0.00000000 1.0000
0.13499208 0.57265239 0.00000000 1.0000
0.13471350 0.50000234 0.00000000 1.0000
0.13499213 0.42734541 0.00000000 1.0000
0.13505414 0.35468544 0.00000000 1.0000
0.13544772 0.28203530 0.00000000 1.0000
0.13592371 0.20932645 0.00000000 1.0000
0.13658359 0.13658359 0.00000000 1.0000
0.18211146 0.81788854 0.00000000 1.0000
0.18123155 0.75428506 0.00000000 1.0000
0.18059690 0.69069506 0.00000000 1.0000
0.18007207 0.62713512 0.00000000 1.0000
0.17998944 0.56356392 0.00000000 1.0000
0.17961800 0.50000198 0.00000000 1.0000
0.17998951 0.43643356 0.00000000 1.0000
0.18007219 0.37286725 0.00000000 1.0000
0.18059696 0.30930436 0.00000000 1.0000
0.18123162 0.24571526 0.00000000 1.0000
0.18211146 0.18211146 0.00000000 1.0000
0.22763932 0.77236068 0.00000000 1.0000
0.22653944 0.71789612 0.00000000 1.0000
0.22574612 0.66342583 0.00000000 1.0000
0.22509009 0.60895274 0.00000000 1.0000
0.22498680 0.55447545 0.00000000 1.0000
0.22452250 0.50000163 0.00000000 1.0000
0.22498689 0.44552171 0.00000000 1.0000
0.22509024 0.39104906 0.00000000 1.0000
0.22574620 0.33657341 0.00000000 1.0000
0.22653952 0.28210407 0.00000000 1.0000
0.22763932 0.22763932 0.00000000 1.0000
0.27316718 0.72683282 0.00000000 1.0000
0.27184733 0.68150717 0.00000000 1.0000
0.27089534 0.63615661 0.00000000 1.0000
0.27010811 0.59077036 0.00000000 1.0000
0.26998417 0.54538699 0.00000000 1.0000
0.26942700 0.50000128 0.00000000 1.0000
0.26998426 0.45460987 0.00000000 1.0000
0.27010829 0.40923088 0.00000000 1.0000
0.27089544 0.36384247 0.00000000 1.0000
0.27184742 0.31849287 0.00000000 1.0000
0.27316718 0.27316718 0.00000000 1.0000
0.31869505 0.68130495 0.00000000 1.0000
0.31715522 0.64511823 0.00000000 1.0000
0.31604457 0.60888738 0.00000000 1.0000
0.31512613 0.57258798 0.00000000 1.0000
0.31498153 0.53629852 0.00000000 1.0000
0.31433150 0.50000092 0.00000000 1.0000
0.31498164 0.46369802 0.00000000 1.0000
0.31512634 0.42741269 0.00000000 1.0000
0.31604468 0.39111152 0.00000000 1.0000
0.31715533 0.35488168 0.00000000 1.0000
0.31869505 0.31869505 0.00000000 1.0000
0.36422291 0.63577709 0.00000000 1.0000
0.36246310 0.60872929 0.00000000 1.0000
0.36119379 0.58161815 0.00000000 1.0000
0.36014414 0.55440560 0.00000000 1.0000
0.35997889 0.52721005 0.00000000 1.0000
0.35923600 0.50000057 0.00000000 1.0000
0.35997902 0.47278617 0.00000000 1.0000
0.36014439 0.44559450 0.00000000 1.0000
0.36119392 0.41838057 0.00000000 1.0000
0.36246323 0.39127049 0.00000000 1.0000
0.36422291 0.36422291 0.00000000 1.0000
0.40975078 0.59024922 0.00000000 1.0000
0.40777099 0.57234034 0.00000000 1.0000
0.40634302 0.55434893 0.00000000 1.0000
0.40516216 0.53622322 0.00000000 1.0000
0.40497625 0.51812159 0.00000000 1.0000
0.40414050 0.50000022 0.00000000 1.0000
0.40497640 0.48187433 0.00000000 1.0000
0.40516243 0.46377632 0.00000000 1.0000
0.40634316 0.44564963 0.00000000 1.0000
0.40777113 0.42765930 0.00000000 1.0000
0.40975078 0.40975078 0.00000000 1.0000
0.45527864 0.54472136 0.00000000 1.0000
0.45307888 0.53595140 0.00000000 1.0000
0.45149224 0.52707970 0.00000000 1.0000
0.45018018 0.51804084 0.00000000 1.0000
0.44997361 0.50903312 0.00000000 1.0000
0.44904500 0.49999986 0.00000000 1.0000
0.44997377 0.49096248 0.00000000 1.0000
0.45018048 0.48195813 0.00000000 1.0000
0.45149240 0.47291868 0.00000000 1.0000
0.45307904 0.46404811 0.00000000 1.0000
0.45527864 0.45527864 0.00000000 1.0000
