24
0 0.00000000 0.00000000 0.00000000 0.00000000 0.00000000 0.00000000 0.00000000 0.00000000 0.00000000 0.00000000 0.00000000 1.00000000 1.00000000 1.00000000 1.00000000 1.00000000 1.00000000 1.00000000 1.00000000 1.00000000 1.00000000 1.00000000 1
24
0 0.00000000 0.00000000 0.00000000 0.00000000 0.00000000 0.00000000 0.00000000 0.00000000 0.00000000 0.00000000 0.00000000 1.00000000 1.00000000 1.00000000 1.00000000 1.00000000 1.00000000 1.00000000 1.00000000 1.00000000 1.00000000 1.00000000 1
144
0.50000000 0.00000000 0.00000000 1.0000
0.50000000 0.09368837 0.00000000 1.0000
0.50000000 0.18874925 0.00000000 1.0000
0.50000000 0.27323011 0.00000000 1.0000
0.50000000 0.37667893 0.00000000 1.0000
0.50000000 0.44482167 0.00000000 1.0000
0.50000000 0.55556688 0.00000000 1.0000
0.50000000 0.62241967 0.00000000 1.0000
0.50000000 0.72758682 0.00000000 1.0000
0.50000000 0.81088041 0.00000000 1.0000
0.50000000 0.90641486 0.00000000 1.0000
0.50000000 1.00000000 0.00000000 1.0000
0.48697729 0.03906812 0.00000000 1.0000
0.48818161 0.12510534 0.00000000 1.0000
0.48934092 0.21226721 0.00000000 1.0000
0.49013063 0.29083391 0.00000000 1.0000
0.49102478 0.38486357 0.00000000 1.0000
0.49134349 0.45013212 0.00000000 1.0000
0.49141670 0.55018719 0.00000000 1.0000
0.49095845 0.61439635 0.00000000 1.0000
0.49017566 0.70983696 0.00000000 1.0000
0.48932316 0.78742904 0.00000000 1.0000
0.48818697 0.87497959 0.00000000 1.0000
0.48697734 0.96093201 0.00000000 1.0000
0.47395459 0.07813624 0.00000000 1.0000
0.47636322 0.15652230 0.00000000 1.0000
0.47868184 0.23578518 0.00000000 1.0000
0.48026125 0.30843770 0.00000000 1.0000
0.48204955 0.39304821 0.00000000 1.0000
0.48268699 0.45544257 0.00000000 1.0000
0.48283339 0.54480750 0.00000000 1.0000
0.48191691 0.60637302 0.00000000 1.0000
0.48035132 0.69208710 0.00000000 1.0000
0.47864631 0.76397766 0.00000000 1.0000
0.47637394 0.84354433 0.00000000 1.0000
0.47395467 0.92186402 0.00000000 1.0000
0.46093188 0.11720435 0.00000000 1.0000
0.46454483 0.18793926 0.00000000 1.0000
0.46802277 0.25930314 0.00000000 1.0000
0.47039188 0.32604149 0.00000000 1.0000
0.47307433 0.40123285 0.00000000 1.0000
0.47403048 0.46075301 0.00000000 1.0000
0.47425009 0.53942781 0.00000000 1.0000
0.47287536 0.59834970 0.00000000 1.0000
0.47052699 0.67433724 0.00000000 1.0000
0.46796947 0.74052629 0.00000000 1.0000
0.46456092 0.81210906 0.00000000 1.0000
0.46093201 0.88279603 0.00000000 1.0000
0.44790918 0.15627247 0.00000000 1.0000
0.45272643 0.21935623 0.00000000 1.0000
0.45736369 0.28282111 0.00000000 1.0000
0.46052251 0.34364529 0.00000000 1.0000
0.46409910 0.40941749 0.00000000 1.0000
0.46537398 0.46606346 0.00000000 1.0000
0.46566679 0.53404812 0.00000000 1.0000
0.46383382 0.59032638 0.00000000 1.0000
0.46070265 0.65658739 0.00000000 1.0000
0.45729263 0.71707491 0.00000000 1.0000
0.45274789 0.78067380 0.00000000 1.0000
0.44790935 0.84372804 0.00000000 1.0000
0.43488647 0.19534059 0.00000000 1.0000
0.44090804 0.25077319 0.00000000 1.0000
0.44670461 0.30633907 0.00000000 1.0000
0.45065313 0.36124908 0.00000000 1.0000
0.45512388 0.41760213 0.00000000 1.0000
0.45671747 0.47137391 0.00000000 1.0000
0.45708349 0.52866843 0.00000000 1.0000
0.45479227 0.58230306 0.00000000 1.0000
0.45087831 0.63883753 0.00000000 1.0000
0.44661578 0.69362354 0.00000000 1.0000
0.44093486 0.74923854 0.00000000 1.0000
0.43488668 0.80466005 0.00000000 1.0000
0.42186376 0.23440871 0.00000000 1.0000
0.42908965 0.28219016 0.00000000 1.0000
0.43604553 0.32985704 0.00000000 1.0000
0.44078376 0.37885287 0.00000000 1.0000
0.44614865 0.42578677 0.00000000 1.0000
0.44806097 0.47668435 0.00000000 1.0000
0.44850018 0.52328874 0.00000000 1.0000
0.44575073 0.57427974 0.00000000 1.0000
0.44105397 0.62108767 0.00000000 1.0000
0.43593894 0.67017216 0.00000000 1.0000
0.42912183 0.71780327 0.00000000 1.0000
0.42186402 0.76559206 0.00000000 1.0000
0.40884106 0.27347682 0.00000000 1.0000
0.41727126 0.31360712 0.00000000 1.0000
0.42538645 0.35337500 0.00000000 1.0000
0.43091438 0.39645667 0.00000000 1.0000
0.43717343 0.43397140 0.00000000 1.0000
0.43940446 0.48199480 0.00000000 1.0000
0.43991688 0.51790905 0.00000000 1.0000
0.43670918 0.56625641 0.00000000 1.0000
0.43122963 0.60333781 0.00000000 1.0000
0.42526210 0.64672079 0.00000000 1.0000
0.41730880 0.68636801 0.00000000 1.0000
0.40884136 0.72652408 0.00000000 1.0000
0.39581835 0.31254494 0.00000000 1.0000
0.40545287 0.34502409 0.00000000 1.0000
0.41472737 0.37689296 0.00000000 1.0000
0.42104501 0.41406046 0.00000000 1.0000
0.42819820 0.44215604 0.00000000 1.0000
0.43074796 0.48730525 0.00000000 1.0000
0.43133358 0.51252935 0.00000000 1.0000
0.42766764 0.55823309 0.00000000 1.0000
0.42140530 0.58558795 0.00000000 1.0000
0.41458525 0.62326941 0.00000000 1.0000
0.40549577 0.65493274 0.00000000 1.0000
0.39581870 0.68745609 0.00000000 1.0000
0.38279565 0.35161306 0.00000000 1.0000
0.39363448 0.37644105 0.00000000 1.0000
0.40406830 0.40041093 0.00000000 1.0000
0.41117564 0.43166426 0.00000000 1.0000
0.41922298 0.45034068 0.00000000 1.0000
0.42209145 0.49261569 0.00000000 1.0000
0.42275028 0.50714966 0.00000000 1.0000
0.41862609 0.55020977 0.00000000 1.0000
0.41158096 0.56783810 0.00000000 1.0000
0.40390841 0.59981804 0.00000000 1.0000
0.39368275 0.62349748 0.00000000 1.0000
0.38279603 0.64838810 0.00000000 1.0000
0.36977294 0.39068118 0.00000000 1.0000
0.38181609 0.40785801 0.00000000 1.0000
0.39340922 0.42392889 0.00000000 1.0000
0.40130626 0.44926805 0.00000000 1.0000
0.41024775 0.45852532 0.00000000 1.0000
0.41343495 0.49792614 0.00000000 1.0000
0.41416697 0.50176997 0.00000000 1.0000
0.40958455 0.54218645 0.00000000 1.0000
0.40175662 0.55008824 0.00000000 1.0000
0.39323157 0.57636666 0.00000000 1.0000
0.38186972 0.59206222 0.00000000 1.0000
0.36977337 0.60932011 0.00000000 1.0000
0.35675024 0.42974929 0.00000000 1.0000
0.36999769 0.43927498 0.00000000 1.0000
0.38275014 0.44744686 0.00000000 1.0000
0.39143689 0.46687184 0.00000000 1.0000
0.40127253 0.46670996 0.00000000 1.0000
0.40477844 0.50323659 0.00000000 1.0000
0.40558367 0.49639028 0.00000000 1.0000
0.40054300 0.53416312 0.00000000 1.0000
0.39193228 0.53233838 0.00000000 1.0000
0.38255473 0.55291529 0.00000000 1.0000
0.37005669 0.56062695 0.00000000 1.0000
0.35675071 0.57025212 0.00000000 1.0000
