22
0 0.00000000 0.00000000 0.00000000 0.00000000 0.00000000 0.00000000 0.00000000 0.00000000 0.00000000 0.00000000 1.00000000 1.00000000 1.00000000 1.00000000 1.00000000 1.00000000 1.00000000 1.00000000 1.00000000 1.00000000 1
22
0 0.00000000 0.00000000 0.00000000 0.00000000 0.00000000 0.00000000 0.00000000 0.00000000 0.00000000 0.00000000 1.00000000 1.00000000 1.00000000 1.00000000 1.00000000 1.00000000 1.00000000 1.00000000 1.00000000 1.00000000 1
121
0.00000000 0.00000000 0.00000000 1.0000
0.10027319 0.00000000 0.00000000 1.0000
0.20039176 0.00000000 0.00000000 1.0000
0.30023124 0.00000000 0.00000000 1.0000
0.40013370 0.00000000 0.00000000 1.0000
0.49999836 0.00000000 0.00000000 1.0000
0.59986060 0.00000000 0.00000000 1.0000
0.69976526 0.00000000 0.00000000 1.0000
0.79960595 0.00000000 0.00000000 1.0000
0.89972571 0.00000000 0.00000000 1.0000
1.00000000 0.00000000 0.00000000 1.0000
0.04105573 0.04105573 0.00000000 1.0000
0.13305759 0.04061530 0.00000000 1.0000
0.22493957 0.04029788 0.00000000 1.0000
0.31660174 0.04003634 0.00000000 1.0000
0.40831459 0.03999429 0.00000000 1.0000
0.49999858 0.03980967 0.00000000 1.0000
0.59168103 0.03999432 0.00000000 1.0000
0.68339533 0.04003640 0.00000000 1.0000
0.77505866 0.04029791 0.00000000 1.0000
0.86694152 0.04061533 0.00000000 1.0000
0.95894427 0.04105573 0.00000000 1.0000
0.08211146 0.08211146 0.00000000 1.0000
0.16584199 0.08123060 0.00000000 1.0000
0.24948737 0.08059577 0.00000000 1.0000
0.33297225 0.08007268 0.00000000 1.0000
0.41649548 0.07998858 0.00000000 1.0000
0.49999881 0.07961935 0.00000000 1.0000
0.58350147 0.07998864 0.00000000 1.0000
0.66702540 0.08007279 0.00000000 1.0000
0.75051137 0.08059583 0.00000000 1.0000
0.83415732 0.08123066 0.00000000 1.0000
0.91788854 0.08211146 0.00000000 1.0000
0.12316718 0.12316718 0.00000000 1.0000
0.19862639 0.12184590 0.00000000 1.0000
0.27403518 0.12089365 0.00000000 1.0000
0.34934276 0.12010902 0.00000000 1.0000
0.42467637 0.11998287 0.00000000 1.0000
0.49999903 0.11942902 0.00000000 1.0000
0.57532190 0.11998296 0.00000000 1.0000
0.65065546 0.12010919 0.00000000 1.0000
0.72596408 0.12089374 0.00000000 1.0000
0.80137313 0.12184599 0.00000000 1.0000
0.87683282 0.12316718 0.00000000 1.0000
0.16422291 0.16422291 0.00000000 1.0000
0.23141078 0.16246120 0.00000000 1.0000
0.29858298 0.16119153 0.00000000 1.0000
0.36571326 0.16014536 0.00000000 1.0000
0.43285726 0.15997716 0.00000000 1.0000
0.49999925 0.15923869 0.00000000 1.0000
0.56714234 0.15997728 0.00000000 1.0000
0.63428553 0.16014559 0.00000000 1.0000
0.70141679 0.16119165 0.00000000 1.0000
0.76858894 0.16246132 0.00000000 1.0000
0.83577709 0.16422291 0.00000000 1.0000
0.20527864 0.20527864 0.00000000 1.0000
0.26419518 0.20307650 0.00000000 1.0000
0.32313079 0.20148942 0.00000000 1.0000
0.38208377 0.20018170 0.00000000 1.0000
0.44103815 0.19997145 0.00000000 1.0000
0.49999947 0.19904837 0.00000000 1.0000
0.55896277 0.19997160 0.00000000 1.0000
0.61791560 0.20018198 0.00000000 1.0000
0.67686950 0.20148956 0.00000000 1.0000
0.73580474 0.20307665 0.00000000 1.0000
0.79472136 0.20527864 0.00000000 1.0000
0.24633437 0.24633437 0.00000000 1.0000
0.29697958 0.24369181 0.00000000 1.0000
0.34767859 0.24178730 0.00000000 1.0000
0.39845428 0.24021804 0.00000000 1.0000
0.44921904 0.23996574 0.00000000 1.0000
0.49999969 0.23885804 0.00000000 1.0000
0.55078321 0.23996592 0.00000000 1.0000
0.60154567 0.24021838 0.00000000 1.0000
0.65232220 0.24178748 0.00000000 1.0000
0.70302055 0.24369198 0.00000000 1.0000
0.75366563 0.24633437 0.00000000 1.0000
0.28739010 0.28739010 0.00000000 1.0000
0.32976398 0.28430711 0.00000000 1.0000
0.37222640 0.28208519 0.00000000 1.0000
0.41482478 0.28025438 0.00000000 1.0000
0.45739993 0.27996003 0.00000000 1.0000
0.49999992 0.27866772 0.00000000 1.0000
0.54260364 0.27996024 0.00000000 1.0000
0.58517574 0.28025478 0.00000000 1.0000
0.62777491 0.28208539 0.00000000 1.0000
0.67023635 0.28430731 0.00000000 1.0000
0.71260990 0.28739010 0.00000000 1.0000
0.32844582 0.32844582 0.00000000 1.0000
0.36254838 0.32492241 0.00000000 1.0000
0.39677421 0.32238307 0.00000000 1.0000
0.43119529 0.32029072 0.00000000 1.0000
0.46558082 0.31995432 0.00000000 1.0000
0.50000014 0.31847739 0.00000000 1.0000
0.53442408 0.31995456 0.00000000 1.0000
0.56880581 0.32029117 0.00000000 1.0000
0.60322762 0.32238330 0.00000000 1.0000
0.63745216 0.32492264 0.00000000 1.0000
0.67155418 0.32844582 0.00000000 1.0000
0.36950155 0.36950155 0.00000000 1.0000
0.39533278 0.36553771 0.00000000 1.0000
0.42132201 0.36268095 0.00000000 1.0000
0.44756580 0.36032706 0.00000000 1.0000
0.47376171 0.35994861 0.00000000 1.0000
0.50000036 0.35828706 0.00000000 1.0000
0.52624451 0.35994888 0.00000000 1.0000
0.55243588 0.36032757 0.00000000 1.0000
0.57868033 0.36268122 0.00000000 1.0000
0.60466796 0.36553797 0.00000000 1.0000
0.63049845 0.36950155 0.00000000 1.0000
0.41055728 0.41055728 0.00000000 1.0000
0.42811718 0.40615301 0.00000000 1.0000
0.44586982 0.40297884 0.00000000 1.0000
0.46393630 0.40036340 0.00000000 1.0000
0.48194261 0.39994290 0.00000000 1.0000
0.50000058 0.39809674 0.00000000 1.0000
0.51806495 0.39994320 0.00000000 1.0000
0.53606594 0.40036397 0.00000000 1.0000
0.55413304 0.40297913 0.00000000 1.0000
0.57188377 0.40615330 0.00000000 1.0000
0.58944272 0.41055728 0.00000000 1.0000
