22
0 0.00000000 0.00000000 0.00000000 0.00000000 0.00000000 0.00000000 0.00000000 0.00000000 0.00000000 0.00000000 1.00000000 1.00000000 1.00000000 1.00000000 1.00000000 1.00000000 1.00000000 1.00000000 1.00000000 1.00000000 1
22
0 0.00000000 0.00000000 0.00000000 0.00000000 0.00000000 0.00000000 0.00000000 0.00000000 0.00000000 0.00000000 1.00000000 1.00000000 1.00000000 1.00000000 1.00000000 1.00000000 1.00000000 1.00000000 1.00000000 1.00000000 1
121
0.00000000 1.00000000 0.00000000 1.0000
0.00000000 0.89835224 0.00000000 1.0000
0.00000000 0.79873025 0.00000000 1.0000
0.00000000 0.69865557 0.00000000 1.0000
0.00000000 0.59931844 0.00000000 1.0000
0.00000000 0.50045005 0.00000000 1.0000
0.00000000 0.39990302 0.00000000 1.0000
0.00000000 0.30182760 0.00000000 1.0000
0.00000000 0.20108372 0.00000000 1.0000
0.00000000 0.10169799 0.00000000 1.0000
0.00000000 0.00000000 0.00000000 1.0000
0.07200000 0.95800000 0.00000000 1.0000
0.07106291 0.86511009 0.00000000 1.0000
0.07047209 0.77381121 0.00000000 1.0000
0.07013395 0.68214700 0.00000000 1.0000
0.06983856 0.59106608 0.00000000 1.0000
0.06987327 0.50036024 0.00000000 1.0000
0.06983723 0.40831075 0.00000000 1.0000
0.07013503 0.31823974 0.00000000 1.0000
0.07047197 0.22603990 0.00000000 1.0000
0.07106325 0.13493013 0.00000000 1.0000
0.07200000 0.04200000 0.00000000 1.0000
0.14400000 0.91600000 0.00000000 1.0000
0.14212582 0.83186794 0.00000000 1.0000
0.14094417 0.74889217 0.00000000 1.0000
0.14026791 0.66563842 0.00000000 1.0000
0.13967711 0.58281372 0.00000000 1.0000
0.13974653 0.50027044 0.00000000 1.0000
0.13967446 0.41671849 0.00000000 1.0000
0.14027006 0.33465189 0.00000000 1.0000
0.14094393 0.25099608 0.00000000 1.0000
0.14212649 0.16816227 0.00000000 1.0000
0.14400000 0.08400000 0.00000000 1.0000
0.21600000 0.87400000 0.00000000 1.0000
0.21318873 0.79862579 0.00000000 1.0000
0.21141626 0.72397313 0.00000000 1.0000
0.21040186 0.64912985 0.00000000 1.0000
0.20951567 0.57456137 0.00000000 1.0000
0.20961980 0.50018063 0.00000000 1.0000
0.20951169 0.42512622 0.00000000 1.0000
0.21040509 0.35106403 0.00000000 1.0000
0.21141590 0.27595226 0.00000000 1.0000
0.21318974 0.20139441 0.00000000 1.0000
0.21600000 0.12600000 0.00000000 1.0000
0.28800000 0.83200000 0.00000000 1.0000
0.28425164 0.76538364 0.00000000 1.0000
0.28188834 0.69905409 0.00000000 1.0000
0.28053582 0.63262127 0.00000000 1.0000
0.27935422 0.56630900 0.00000000 1.0000
0.27949307 0.50009083 0.00000000 1.0000
0.27934891 0.43353396 0.00000000 1.0000
0.28054012 0.36747618 0.00000000 1.0000
0.28188787 0.30090843 0.00000000 1.0000
0.28425299 0.23462656 0.00000000 1.0000
0.28800000 0.16800000 0.00000000 1.0000
0.36000000 0.79000000 0.00000000 1.0000
0.35531455 0.73214149 0.00000000 1.0000
0.35236043 0.67413505 0.00000000 1.0000
0.35066977 0.61611270 0.00000000 1.0000
0.34919278 0.55805665 0.00000000 1.0000
0.34936633 0.50000102 0.00000000 1.0000
0.34918614 0.44194169 0.00000000 1.0000
0.35067514 0.38388832 0.00000000 1.0000
0.35235984 0.32586461 0.00000000 1.0000
0.35531623 0.26785870 0.00000000 1.0000
0.36000000 0.21000000 0.00000000 1.0000
0.43200000 0.74800000 0.00000000 1.0000
0.42637746 0.69889934 0.00000000 1.0000
0.42283251 0.64921601 0.00000000 1.0000
0.42080373 0.59960412 0.00000000 1.0000
0.41903134 0.54980429 0.00000000 1.0000
0.41923960 0.49991122 0.00000000 1.0000
0.41902337 0.45034942 0.00000000 1.0000
0.42081017 0.40030047 0.00000000 1.0000
0.42283180 0.35082079 0.00000000 1.0000
0.42637948 0.30109084 0.00000000 1.0000
0.43200000 0.25200000 0.00000000 1.0000
0.50400000 0.70600000 0.00000000 1.0000
0.49744037 0.66565719 0.00000000 1.0000
0.49330460 0.62429697 0.00000000 1.0000
0.49093768 0.58309555 0.00000000 1.0000
0.48886989 0.54155193 0.00000000 1.0000
0.48911287 0.49982141 0.00000000 1.0000
0.48886060 0.45875716 0.00000000 1.0000
0.49094520 0.41671261 0.00000000 1.0000
0.49330377 0.37577697 0.00000000 1.0000
0.49744273 0.33432298 0.00000000 1.0000
0.50400000 0.29400000 0.00000000 1.0000
0.57600000 0.66400000 0.00000000 1.0000
0.56850328 0.63241504 0.00000000 1.0000
0.56377668 0.59937794 0.00000000 1.0000
0.56107164 0.56658697 0.00000000 1.0000
0.55870845 0.53329957 0.00000000 1.0000
0.55898614 0.49973161 0.00000000 1.0000
0.55869783 0.46716489 0.00000000 1.0000
0.56108023 0.43312476 0.00000000 1.0000
0.56377574 0.40073315 0.00000000 1.0000
0.56850597 0.36755512 0.00000000 1.0000
0.57600000 0.33600000 0.00000000 1.0000
0.64800000 0.62200000 0.00000000 1.0000
0.63956619 0.59917289 0.00000000 1.0000
0.63424877 0.57445890 0.00000000 1.0000
0.63120559 0.55007840 0.00000000 1.0000
0.62854701 0.52504721 0.00000000 1.0000
0.62885940 0.49964181 0.00000000 1.0000
0.62853506 0.47557263 0.00000000 1.0000
0.63121526 0.44953690 0.00000000 1.0000
0.63424771 0.42568933 0.00000000 1.0000
0.63956922 0.40078727 0.00000000 1.0000
0.64800000 0.37800000 0.00000000 1.0000
0.72000000 0.58000000 0.00000000 1.0000
0.71062911 0.56593075 0.00000000 1.0000
0.70472085 0.54953986 0.00000000 1.0000
0.70133955 0.53356982 0.00000000 1.0000
0.69838556 0.51679485 0.00000000 1.0000
0.69873267 0.49955200 0.00000000 1.0000
0.69837228 0.48398036 0.00000000 1.0000
0.70135029 0.46594905 0.00000000 1.0000
0.70471967 0.45064551 0.00000000 1.0000
0.71063247 0.43401941 0.00000000 1.0000
0.72000000 0.42000000 0.00000000 1.0000
