22
0 0.00000000 0.00000000 0.00000000 0.00000000 0.00000000 0.00000000 0.00000000 0.00000000 0.00000000 0.00000000 1.00000000 1.00000000 1.00000000 1.00000000 1.00000000 1.00000000 1.00000000 1.00000000 1.00000000 1.00000000 1
22
0 0.00000000 0.00000000 0.00000000 0.00000000 0.00000000 0.00000000 0.00000000 0.00000000 0.00000000 0.00000000 1.00000000 1.00000000 1.00000000 1.00000000 1.00000000 1.00000000 1.00000000 1.00000000 1.00000000 1.00000000 1
121
1.00000000 0.00000000 0.00000000 1.0000
1.00000000 0.10986723 0.00000000 1.0000
1.00000000 0.21963214 0.00000000 1.0000
1.00000000 0.29848634 0.00000000 1.0000
1.00000000 0.39622859 0.00000000 1.0000
1.00000000 0.49921056 0.00000000 1.0000
1.00000000 0.59010281 0.00000000 1.0000
1.00000000 0.69465570 0.00000000 1.0000
1.00000000 0.79369541 0.00000000 1.0000
1.00000000 0.89647256 0.00000000 1.0000
1.00000000 1.00000000 0.00000000 1.0000
0.96290477 0.03709523 0.00000000 1.0000
0.96590912 0.13685071 0.00000000 1.0000
0.96779371 0.23620160 0.00000000 1.0000
0.97214572 0.31206402 0.00000000 1.0000
0.96469418 0.40230859 0.00000000 1.0000
0.97026098 0.49652668 0.00000000 1.0000
0.96348111 0.58167824 0.00000000 1.0000
0.96479734 0.67700649 0.00000000 1.0000
0.96136556 0.76840378 0.00000000 1.0000
0.95966588 0.86250137 0.00000000 1.0000
0.95725568 0.95725568 0.00000000 1.0000
0.92580955 0.07419045 0.00000000 1.0000
0.93181824 0.16383418 0.00000000 1.0000
0.93558742 0.25277107 0.00000000 1.0000
0.94429144 0.32564170 0.00000000 1.0000
0.92938836 0.40838859 0.00000000 1.0000
0.94052196 0.49384279 0.00000000 1.0000
0.92696222 0.57325366 0.00000000 1.0000
0.92959469 0.65935729 0.00000000 1.0000
0.92273112 0.74311215 0.00000000 1.0000
0.91933177 0.82853019 0.00000000 1.0000
0.91451136 0.91451136 0.00000000 1.0000
0.88871432 0.11128568 0.00000000 1.0000
0.89772735 0.19081766 0.00000000 1.0000
0.90338113 0.26934053 0.00000000 1.0000
0.91643716 0.33921938 0.00000000 1.0000
0.89408254 0.41446859 0.00000000 1.0000
0.91078294 0.49115890 0.00000000 1.0000
0.89044333 0.56482908 0.00000000 1.0000
0.89439203 0.64170808 0.00000000 1.0000
0.88409668 0.71782052 0.00000000 1.0000
0.87899765 0.79455901 0.00000000 1.0000
0.87176704 0.87176704 0.00000000 1.0000
0.85161909 0.14838091 0.00000000 1.0000
0.86363647 0.21780113 0.00000000 1.0000
0.87117484 0.28590999 0.00000000 1.0000
0.88858288 0.35279705 0.00000000 1.0000
0.85877672 0.42054859 0.00000000 1.0000
0.88104392 0.48847502 0.00000000 1.0000
0.85392444 0.55640450 0.00000000 1.0000
0.85918937 0.62405887 0.00000000 1.0000
0.84546224 0.69252888 0.00000000 1.0000
0.83866354 0.76058783 0.00000000 1.0000
0.82902272 0.82902272 0.00000000 1.0000
0.81452387 0.18547613 0.00000000 1.0000
0.82954559 0.24478461 0.00000000 1.0000
0.83896855 0.30247946 0.00000000 1.0000
0.86072860 0.36637473 0.00000000 1.0000
0.82347089 0.42662859 0.00000000 1.0000
0.85130490 0.48579113 0.00000000 1.0000
0.81740555 0.54797993 0.00000000 1.0000
0.82398672 0.60640966 0.00000000 1.0000
0.80682780 0.66723725 0.00000000 1.0000
0.79832942 0.72661664 0.00000000 1.0000
0.78627840 0.78627840 0.00000000 1.0000
0.77742864 0.22257136 0.00000000 1.0000
0.79545471 0.27176808 0.00000000 1.0000
0.80676227 0.31904892 0.00000000 1.0000
0.83287432 0.37995241 0.00000000 1.0000
0.78816507 0.43270859 0.00000000 1.0000
0.82156588 0.48310724 0.00000000 1.0000
0.78088666 0.53955535 0.00000000 1.0000
0.78878406 0.58876045 0.00000000 1.0000
0.76819336 0.64194562 0.00000000 1.0000
0.75799531 0.69264546 0.00000000 1.0000
0.74353409 0.74353409 0.00000000 1.0000
0.74033341 0.25966659 0.00000000 1.0000
0.76136382 0.29875156 0.00000000 1.0000
0.77455598 0.33561839 0.00000000 1.0000
0.80502004 0.39353008 0.00000000 1.0000
0.75285925 0.43878859 0.00000000 1.0000
0.79182686 0.48042336 0.00000000 1.0000
0.74436777 0.53113077 0.00000000 1.0000
0.75358141 0.57111124 0.00000000 1.0000
0.72955892 0.61665399 0.00000000 1.0000
0.71766119 0.65867428 0.00000000 1.0000
0.70078977 0.70078977 0.00000000 1.0000
0.70323819 0.29676181 0.00000000 1.0000
0.72727294 0.32573503 0.00000000 1.0000
0.74234969 0.35218785 0.00000000 1.0000
0.77716576 0.40710776 0.00000000 1.0000
0.71755343 0.44486859 0.00000000 1.0000
0.76208783 0.47773947 0.00000000 1.0000
0.70784888 0.52270619 0.00000000 1.0000
0.71837875 0.55346203 0.00000000 1.0000
0.69092448 0.59136236 0.00000000 1.0000
0.67732708 0.62470310 0.00000000 1.0000
0.65804545 0.65804545 0.00000000 1.0000
0.66614296 0.33385704 0.00000000 1.0000
0.69318206 0.35271850 0.00000000 1.0000
0.71014340 0.36875732 0.00000000 1.0000
0.74931148 0.42068544 0.00000000 1.0000
0.68224761 0.45094859 0.00000000 1.0000
0.73234881 0.47505558 0.00000000 1.0000
0.67132999 0.51428162 0.00000000 1.0000
0.68317609 0.53581282 0.00000000 1.0000
0.65229004 0.56607072 0.00000000 1.0000
0.63699296 0.59073191 0.00000000 1.0000
0.61530113 0.61530113 0.00000000 1.0000
0.62904773 0.37095227 0.00000000 1.0000
0.65909118 0.37970198 0.00000000 1.0000
0.67793711 0.38532678 0.00000000 1.0000
0.72145720 0.43426312 0.00000000 1.0000
0.64694179 0.45702859 0.00000000 1.0000
0.70260979 0.47237170 0.00000000 1.0000
0.63481110 0.50585704 0.00000000 1.0000
0.64797344 0.51816361 0.00000000 1.0000
0.61365560 0.54077909 0.00000000 1.0000
0.59665885 0.55676073 0.00000000 1.0000
0.57255681 0.57255681 0.00000000 1.0000
