22
0 0.00000000 0.00000000 0.00000000 0.00000000 0.00000000 0.00000000 0.00000000 0.00000000 0.00000000 0.00000000 1.00000000 1.00000000 1.00000000 1.00000000 1.00000000 1.00000000 1.00000000 1.00000000 1.00000000 1.00000000 1
22
0 0.00000000 0.00000000 0.00000000 0.00000000 0.00000000 0.00000000 0.00000000 0.00000000 0.00000000 0.00000000 1.00000000 1.00000000 1.00000000 1.00000000 1.00000000 1.00000000 1.00000000 1.00000000 1.00000000 1.00000000 1
121
0.00000000 0.00000000 0.00000000 1.0000
0.10986723 0.00000000 0.00000000 1.0000
0.21963214 0.00000000 0.00000000 1.0000
0.29848634 0.00000000 0.00000000 1.0000
0.39622859 0.00000000 0.00000000 1.0000
0.49921056 0.00000000 0.00000000 1.0000
0.59010281 0.00000000 0.00000000 1.0000
0.69465570 0.00000000 0.00000000 1.0000
0.79369541 0.00000000 0.00000000 1.0000
0.89647256 0.00000000 0.00000000 1.0000
1.00000000 0.00000000 0.00000000 1.0000
0.03709523 0.03709523 0.00000000 1.0000
0.13685071 0.03409088 0.00000000 1.0000
0.23620160 0.03220629 0.00000000 1.0000
0.31206402 0.02785428 0.00000000 1.0000
0.40230859 0.03530582 0.00000000 1.0000
0.49652668 0.02973902 0.00000000 1.0000
0.58167824 0.03651889 0.00000000 1.0000
0.67700649 0.03520266 0.00000000 1.0000
0.76840378 0.03863444 0.00000000 1.0000
0.86250137 0.04033412 0.00000000 1.0000
0.95725568 0.04274432 0.00000000 1.0000
0.07419045 0.07419045 0.00000000 1.0000
0.16383418 0.06818176 0.00000000 1.0000
0.25277107 0.06441258 0.00000000 1.0000
0.32564170 0.05570856 0.00000000 1.0000
0.40838859 0.07061164 0.00000000 1.0000
0.49384279 0.05947804 0.00000000 1.0000
0.57325366 0.07303778 0.00000000 1.0000
0.65935729 0.07040531 0.00000000 1.0000
0.74311215 0.07726888 0.00000000 1.0000
0.82853019 0.08066823 0.00000000 1.0000
0.91451136 0.08548864 0.00000000 1.0000
0.11128568 0.11128568 0.00000000 1.0000
0.19081766 0.10227265 0.00000000 1.0000
0.26934053 0.09661887 0.00000000 1.0000
0.33921938 0.08356284 0.00000000 1.0000
0.41446859 0.10591746 0.00000000 1.0000
0.49115890 0.08921706 0.00000000 1.0000
0.56482908 0.10955667 0.00000000 1.0000
0.64170808 0.10560797 0.00000000 1.0000
0.71782052 0.11590332 0.00000000 1.0000
0.79455901 0.12100235 0.00000000 1.0000
0.87176704 0.12823296 0.00000000 1.0000
0.14838091 0.14838091 0.00000000 1.0000
0.21780113 0.13636353 0.00000000 1.0000
0.28590999 0.12882516 0.00000000 1.0000
0.35279705 0.11141712 0.00000000 1.0000
0.42054859 0.14122328 0.00000000 1.0000
0.48847502 0.11895608 0.00000000 1.0000
0.55640450 0.14607556 0.00000000 1.0000
0.62405887 0.14081063 0.00000000 1.0000
0.69252888 0.15453776 0.00000000 1.0000
0.76058783 0.16133646 0.00000000 1.0000
0.82902272 0.17097728 0.00000000 1.0000
0.18547613 0.18547613 0.00000000 1.0000
0.24478461 0.17045441 0.00000000 1.0000
0.30247946 0.16103145 0.00000000 1.0000
0.36637473 0.13927140 0.00000000 1.0000
0.42662859 0.17652911 0.00000000 1.0000
0.48579113 0.14869510 0.00000000 1.0000
0.54797993 0.18259445 0.00000000 1.0000
0.60640966 0.17601328 0.00000000 1.0000
0.66723725 0.19317220 0.00000000 1.0000
0.72661664 0.20167058 0.00000000 1.0000
0.78627840 0.21372160 0.00000000 1.0000
0.22257136 0.22257136 0.00000000 1.0000
0.27176808 0.20454529 0.00000000 1.0000
0.31904892 0.19323773 0.00000000 1.0000
0.37995241 0.16712568 0.00000000 1.0000
0.43270859 0.21183493 0.00000000 1.0000
0.48310724 0.17843412 0.00000000 1.0000
0.53955535 0.21911334 0.00000000 1.0000
0.58876045 0.21121594 0.00000000 1.0000
0.64194562 0.23180664 0.00000000 1.0000
0.69264546 0.24200469 0.00000000 1.0000
0.74353409 0.25646591 0.00000000 1.0000
0.25966659 0.25966659 0.00000000 1.0000
0.29875156 0.23863618 0.00000000 1.0000
0.33561839 0.22544402 0.00000000 1.0000
0.39353009 0.19497996 0.00000000 1.0000
0.43878859 0.24714075 0.00000000 1.0000
0.48042336 0.20817314 0.00000000 1.0000
0.53113077 0.25563223 0.00000000 1.0000
0.57111124 0.24641859 0.00000000 1.0000
0.61665399 0.27044108 0.00000000 1.0000
0.65867428 0.28233881 0.00000000 1.0000
0.70078977 0.29921023 0.00000000 1.0000
0.29676181 0.29676181 0.00000000 1.0000
0.32573503 0.27272706 0.00000000 1.0000
0.35218785 0.25765031 0.00000000 1.0000
0.40710776 0.22283424 0.00000000 1.0000
0.44486859 0.28244657 0.00000000 1.0000
0.47773947 0.23791217 0.00000000 1.0000
0.52270619 0.29215112 0.00000000 1.0000
0.55346203 0.28162125 0.00000000 1.0000
0.59136236 0.30907552 0.00000000 1.0000
0.62470310 0.32267292 0.00000000 1.0000
0.65804545 0.34195455 0.00000000 1.0000
0.33385704 0.33385704 0.00000000 1.0000
0.35271850 0.30681794 0.00000000 1.0000
0.36875732 0.28985660 0.00000000 1.0000
0.42068544 0.25068852 0.00000000 1.0000
0.45094859 0.31775239 0.00000000 1.0000
0.47505558 0.26765119 0.00000000 1.0000
0.51428162 0.32867001 0.00000000 1.0000
0.53581282 0.31682391 0.00000000 1.0000
0.56607072 0.34770996 0.00000000 1.0000
0.59073191 0.36300704 0.00000000 1.0000
0.61530113 0.38469887 0.00000000 1.0000
0.37095227 0.37095227 0.00000000 1.0000
0.37970198 0.34090882 0.00000000 1.0000
0.38532678 0.32206289 0.00000000 1.0000
0.43426312 0.27854280 0.00000000 1.0000
0.45702859 0.35305821 0.00000000 1.0000
0.47237170 0.29739021 0.00000000 1.0000
0.50585704 0.36518890 0.00000000 1.0000
0.51816361 0.35202656 0.00000000 1.0000
0.54077909 0.38634440 0.00000000 1.0000
0.55676073 0.40334115 0.00000000 1.0000
0.57255681 0.42744319 0.00000000 1.0000
