22
0 0.00000000 0.00000000 0.00000000 0.00000000 0.00000000 0.00000000 0.00000000 0.00000000 0.00000000 0.00000000 1.00000000 1.00000000 1.00000000 1.00000000 1.00000000 1.00000000 1.00000000 1.00000000 1.00000000 1.00000000 1
22
0 0.00000000 0.00000000 0.00000000 0.00000000 0.00000000 0.00000000 0.00000000 0.00000000 0.00000000 0.00000000 1.00000000 1.00000000 1.00000000 1.00000000 1.00000000 1.00000000 1.00000000 1.00000000 1.00000000 1.00000000 1
121
1.00000000 0.00000000 0.00000000 1.0000
1.00000000 0.10275548 0.00000000 1.0000
1.00000000 0.21634754 0.00000000 1.0000
1.00000000 0.29241383 0.00000000 1.0000
1.00000000 0.42959486 0.00000000 1.0000
1.00000000 0.49647623 0.00000000 1.0000
1.00000000 0.57649103 0.00000000 1.0000
1.00000000 0.70371720 0.00000000 1.0000
1.00000000 0.78541045 0.00000000 1.0000
1.00000000 0.89677500 0.00000000 1.0000
1.00000000 1.00000000 0.00000000 1.0000
0.96777419 0.04296775 0.00000000 1.0000
0.97050425 0.13656673 0.00000000 1.0000
0.96899352 0.23844714 0.00000000 1.0000
0.98078360 0.31147398 0.00000000 1.0000
0.96222398 0.43149313 0.00000000 1.0000
0.99333826 0.49718668 0.00000000 1.0000
0.96224315 0.57336683 0.00000000 1.0000
0.98075382 0.68543421 0.00000000 1.0000
0.96902096 0.76295991 0.00000000 1.0000
0.97049262 0.86305674 0.00000000 1.0000
0.96777419 0.95703225 0.00000000 1.0000
0.93554837 0.08593550 0.00000000 1.0000
0.94100851 0.17037798 0.00000000 1.0000
0.93798704 0.26054674 0.00000000 1.0000
0.96156719 0.33053414 0.00000000 1.0000
0.92444797 0.43339140 0.00000000 1.0000
0.98667652 0.49789713 0.00000000 1.0000
0.92448631 0.57024263 0.00000000 1.0000
0.96150765 0.66715121 0.00000000 1.0000
0.93804192 0.74050938 0.00000000 1.0000
0.94098523 0.82933848 0.00000000 1.0000
0.93554837 0.91406450 0.00000000 1.0000
0.90332256 0.12890325 0.00000000 1.0000
0.91151276 0.20418923 0.00000000 1.0000
0.90698055 0.28264635 0.00000000 1.0000
0.94235079 0.34959429 0.00000000 1.0000
0.88667195 0.43528967 0.00000000 1.0000
0.98001479 0.49860759 0.00000000 1.0000
0.88672946 0.56711842 0.00000000 1.0000
0.94226147 0.64886822 0.00000000 1.0000
0.90706289 0.71805884 0.00000000 1.0000
0.91147785 0.79562022 0.00000000 1.0000
0.90332256 0.87109675 0.00000000 1.0000
0.87109675 0.17187100 0.00000000 1.0000
0.88201701 0.23800048 0.00000000 1.0000
0.87597407 0.30474595 0.00000000 1.0000
0.92313438 0.36865445 0.00000000 1.0000
0.84889593 0.43718794 0.00000000 1.0000
0.97335305 0.49931804 0.00000000 1.0000
0.84897261 0.56399422 0.00000000 1.0000
0.92301530 0.63058523 0.00000000 1.0000
0.87608385 0.69560831 0.00000000 1.0000
0.88197047 0.76190196 0.00000000 1.0000
0.87109675 0.82812900 0.00000000 1.0000
0.83887093 0.21483876 0.00000000 1.0000
0.85252126 0.27181173 0.00000000 1.0000
0.84496759 0.32684555 0.00000000 1.0000
0.90391798 0.38771461 0.00000000 1.0000
0.81111992 0.43908621 0.00000000 1.0000
0.96669131 0.50002849 0.00000000 1.0000
0.81121577 0.56087002 0.00000000 1.0000
0.90376912 0.61230224 0.00000000 1.0000
0.84510481 0.67315777 0.00000000 1.0000
0.85246309 0.72818370 0.00000000 1.0000
0.83887093 0.78516124 0.00000000 1.0000
0.80664512 0.25780651 0.00000000 1.0000
0.82302552 0.30562298 0.00000000 1.0000
0.81396111 0.34894516 0.00000000 1.0000
0.88470158 0.40677476 0.00000000 1.0000
0.77334390 0.44098448 0.00000000 1.0000
0.96002957 0.50073894 0.00000000 1.0000
0.77345892 0.55774581 0.00000000 1.0000
0.88452295 0.59401925 0.00000000 1.0000
0.81412577 0.65070724 0.00000000 1.0000
0.82295570 0.69446544 0.00000000 1.0000
0.80664512 0.74219349 0.00000000 1.0000
0.77441931 0.30077426 0.00000000 1.0000
0.79352977 0.33943423 0.00000000 1.0000
0.78295462 0.37104476 0.00000000 1.0000
0.86548517 0.42583492 0.00000000 1.0000
0.73556789 0.44288275 0.00000000 1.0000
0.95336784 0.50144939 0.00000000 1.0000
0.73570207 0.55462161 0.00000000 1.0000
0.86527677 0.57573626 0.00000000 1.0000
0.78314674 0.62825670 0.00000000 1.0000
0.79344832 0.66074717 0.00000000 1.0000
0.77441931 0.69922574 0.00000000 1.0000
0.74219349 0.34374201 0.00000000 1.0000
0.76403402 0.37324548 0.00000000 1.0000
0.75194814 0.39314436 0.00000000 1.0000
0.84626877 0.44489507 0.00000000 1.0000
0.69779187 0.44478102 0.00000000 1.0000
0.94670610 0.50215984 0.00000000 1.0000
0.69794523 0.55149741 0.00000000 1.0000
0.84603060 0.55745327 0.00000000 1.0000
0.75216770 0.60580617 0.00000000 1.0000
0.76394094 0.62702891 0.00000000 1.0000
0.74219349 0.65625799 0.00000000 1.0000
0.70996768 0.38670976 0.00000000 1.0000
0.73453828 0.40705674 0.00000000 1.0000
0.72094166 0.41524397 0.00000000 1.0000
0.82705236 0.46395523 0.00000000 1.0000
0.66001585 0.44667929 0.00000000 1.0000
0.94004436 0.50287029 0.00000000 1.0000
0.66018838 0.54837320 0.00000000 1.0000
0.82678442 0.53917028 0.00000000 1.0000
0.72118866 0.58335563 0.00000000 1.0000
0.73443355 0.59331065 0.00000000 1.0000
0.70996768 0.61329024 0.00000000 1.0000
0.67774187 0.42967751 0.00000000 1.0000
0.70504253 0.44086799 0.00000000 1.0000
0.68993518 0.43734357 0.00000000 1.0000
0.80783596 0.48301539 0.00000000 1.0000
0.62223984 0.44857756 0.00000000 1.0000
0.93338262 0.50358074 0.00000000 1.0000
0.62243153 0.54524900 0.00000000 1.0000
0.80753825 0.52088729 0.00000000 1.0000
0.69020962 0.56090510 0.00000000 1.0000
0.70492617 0.55959239 0.00000000 1.0000
0.67774187 0.57032249 0.00000000 1.0000
