24
0 0.00000000 0.00000000 0.00000000 0.00000000 0.00000000 0.00000000 0.00000000 0.00000000 0.00000000 0.00000000 0.00000000 1.00000000 1.00000000 1.00000000 1.00000000 1.00000000 1.00000000 1.00000000 1.00000000 1.00000000 1.00000000 1.00000000 1
24
0 0.00000000 0.00000000 0.00000000 0.00000000 0.00000000 0.00000000 0.00000000 0.00000000 0.00000000 0.00000000 0.00000000 1.00000000 1.00000000 1.00000000 1.00000000 1.00000000 1.00000000 1.00000000 1.00000000 1.00000000 1.00000000 1.00000000 1
144
0.50000000 1.00000000 0.00000000 1.0000
0.45327990 1.00000000 0.00000000 1.0000
0.40759080 1.00000000 0.00000000 1.0000
0.36234481 1.00000000 0.00000000 1.0000
0.31746755 1.00000000 0.00000000 1.0000
0.27181463 1.00000000 0.00000000 1.0000
0.22871931 1.00000000 0.00000000 1.0000
0.18135791 1.00000000 0.00000000 1.0000
0.13868228 1.00000000 0.00000000 1.0000
0.09189961 1.00000000 0.00000000 1.0000
0.04684510 1.00000000 0.00000000 1.0000
0.00000000 1.00000000 0.00000000 1.0000
0.48697734 0.96093201 0.00000000 1.0000
0.44292346 0.96199720 0.00000000 1.0000
0.39966226 0.96278714 0.00000000 1.0000
0.35673297 0.96331686 0.00000000 1.0000
0.31409963 0.96369989 0.00000000 1.0000
0.27080973 0.96384683 0.00000000 1.0000
0.22962763 0.96385937 0.00000000 1.0000
0.18493831 0.96369489 0.00000000 1.0000
0.14410848 0.96331536 0.00000000 1.0000
0.09992027 0.96278921 0.00000000 1.0000
0.05717896 0.96199663 0.00000000 1.0000
0.01302271 0.96093188 0.00000000 1.0000
0.47395467 0.92186402 0.00000000 1.0000
0.43256702 0.92399441 0.00000000 1.0000
0.39173371 0.92557428 0.00000000 1.0000
0.35112112 0.92663371 0.00000000 1.0000
0.31073170 0.92739977 0.00000000 1.0000
0.26980483 0.92769366 0.00000000 1.0000
0.23053594 0.92771875 0.00000000 1.0000
0.18851871 0.92738978 0.00000000 1.0000
0.14953467 0.92663071 0.00000000 1.0000
0.10794094 0.92557842 0.00000000 1.0000
0.06751282 0.92399325 0.00000000 1.0000
0.02604541 0.92186376 0.00000000 1.0000
0.46093201 0.88279603 0.00000000 1.0000
0.42221058 0.88599161 0.00000000 1.0000
0.38380516 0.88836142 0.00000000 1.0000
0.34550928 0.88995057 0.00000000 1.0000
0.30736377 0.89109966 0.00000000 1.0000
0.26879992 0.89154048 0.00000000 1.0000
0.23144426 0.89157813 0.00000000 1.0000
0.19209911 0.89108466 0.00000000 1.0000
0.15496087 0.88994607 0.00000000 1.0000
0.11596160 0.88836763 0.00000000 1.0000
0.07784669 0.88598988 0.00000000 1.0000
0.03906812 0.88279565 0.00000000 1.0000
0.44790935 0.84372804 0.00000000 1.0000
0.41185414 0.84798882 0.00000000 1.0000
0.37587662 0.85114857 0.00000000 1.0000
0.33989743 0.85326742 0.00000000 1.0000
0.30399584 0.85479955 0.00000000 1.0000
0.26779502 0.85538732 0.00000000 1.0000
0.23235258 0.85543750 0.00000000 1.0000
0.19567951 0.85477955 0.00000000 1.0000
0.16038706 0.85326142 0.00000000 1.0000
0.12398226 0.85115684 0.00000000 1.0000
0.08818055 0.84798651 0.00000000 1.0000
0.05209082 0.84372753 0.00000000 1.0000
0.43488668 0.80466005 0.00000000 1.0000
0.40149770 0.80998602 0.00000000 1.0000
0.36794807 0.81393571 0.00000000 1.0000
0.33428559 0.81658428 0.00000000 1.0000
0.30062792 0.81849944 0.00000000 1.0000
0.26679012 0.81923414 0.00000000 1.0000
0.23326089 0.81929688 0.00000000 1.0000
0.19925991 0.81847444 0.00000000 1.0000
0.16581326 0.81657678 0.00000000 1.0000
0.13200293 0.81394605 0.00000000 1.0000
0.09851441 0.80998314 0.00000000 1.0000
0.06511353 0.80465941 0.00000000 1.0000
0.42186402 0.76559206 0.00000000 1.0000
0.39114126 0.77198322 0.00000000 1.0000
0.36001952 0.77672285 0.00000000 1.0000
0.32867374 0.77990113 0.00000000 1.0000
0.29725999 0.78219932 0.00000000 1.0000
0.26578522 0.78308097 0.00000000 1.0000
0.23416921 0.78315625 0.00000000 1.0000
0.20284031 0.78216933 0.00000000 1.0000
0.17123945 0.77989213 0.00000000 1.0000
0.14002359 0.77673526 0.00000000 1.0000
0.10884827 0.77197976 0.00000000 1.0000
0.07813624 0.76559129 0.00000000 1.0000
0.40884136 0.72652408 0.00000000 1.0000
0.38078482 0.73398043 0.00000000 1.0000
0.35209098 0.73950999 0.00000000 1.0000
0.32306190 0.74321799 0.00000000 1.0000
0.29389206 0.74589921 0.00000000 1.0000
0.26478032 0.74692780 0.00000000 1.0000
0.23507752 0.74701563 0.00000000 1.0000
0.20642072 0.74586421 0.00000000 1.0000
0.17666565 0.74320749 0.00000000 1.0000
0.14804426 0.73952447 0.00000000 1.0000
0.11918213 0.73397639 0.00000000 1.0000
0.09115894 0.72652318 0.00000000 1.0000
0.39581870 0.68745609 0.00000000 1.0000
0.37042838 0.69597763 0.00000000 1.0000
0.34416243 0.70229713 0.00000000 1.0000
0.31745005 0.70653484 0.00000000 1.0000
0.29052414 0.70959910 0.00000000 1.0000
0.26377542 0.71077463 0.00000000 1.0000
0.23598584 0.71087500 0.00000000 1.0000
0.21000112 0.70955911 0.00000000 1.0000
0.18209185 0.70652284 0.00000000 1.0000
0.15606492 0.70231368 0.00000000 1.0000
0.12951599 0.69597302 0.00000000 1.0000
0.10418165 0.68745506 0.00000000 1.0000
0.38279603 0.64838810 0.00000000 1.0000
0.36007195 0.65797484 0.00000000 1.0000
0.33623388 0.66508427 0.00000000 1.0000
0.31183821 0.66985170 0.00000000 1.0000
0.28715621 0.67329898 0.00000000 1.0000
0.26277052 0.67462145 0.00000000 1.0000
0.23689415 0.67473437 0.00000000 1.0000
0.21358152 0.67325399 0.00000000 1.0000
0.18751804 0.66983820 0.00000000 1.0000
0.16408558 0.66510289 0.00000000 1.0000
0.13984985 0.65796964 0.00000000 1.0000
0.11720435 0.64838694 0.00000000 1.0000
0.36977337 0.60932011 0.00000000 1.0000
0.34971551 0.61997204 0.00000000 1.0000
0.32830534 0.62787141 0.00000000 1.0000
0.30622637 0.63316855 0.00000000 1.0000
0.28378828 0.63699887 0.00000000 1.0000
0.26176562 0.63846828 0.00000000 1.0000
0.23780247 0.63859375 0.00000000 1.0000
0.21716192 0.63694888 0.00000000 1.0000
0.19294424 0.63315355 0.00000000 1.0000
0.17210625 0.62789210 0.00000000 1.0000
0.15018371 0.61996627 0.00000000 1.0000
0.13022706 0.60931882 0.00000000 1.0000
0.35675071 0.57025212 0.00000000 1.0000
0.33935907 0.58196924 0.00000000 1.0000
0.32037679 0.59065856 0.00000000 1.0000
0.30061452 0.59648541 0.00000000 1.0000
0.28042035 0.60069876 0.00000000 1.0000
0.26076072 0.60231511 0.00000000 1.0000
0.23871078 0.60245312 0.00000000 1.0000
0.22074232 0.60064377 0.00000000 1.0000
0.19837043 0.59646891 0.00000000 1.0000
0.18012691 0.59068131 0.00000000 1.0000
0.16051757 0.58196290 0.00000000 1.0000
0.14324976 0.57025071 0.00000000 1.0000
