22
0 0.00000000 0.00000000 0.00000000 0.00000000 0.00000000 0.00000000 0.00000000 0.00000000 0.00000000 0.00000000 1.00000000 1.00000000 1.00000000 1.00000000 1.00000000 1.00000000 1.00000000 1.00000000 1.00000000 1.00000000 1
22
0 0.00000000 0.00000000 0.00000000 0.00000000 0.00000000 0.00000000 0.00000000 0.00000000 0.00000000 0.00000000 1.00000000 1.00000000 1.00000000 1.00000000 1.00000000 1.00000000 1.00000000 1.00000000 1.00000000 1.00000000 1
121
0.00000000 1.00000000 0.00000000 1.0000
0.00000000 0.89609535 0.00000000 1.0000
0.00000000 0.79524787 0.00000000 1.0000
0.00000000 0.69056610 0.00000000 1.0000
0.00000000 0.59611113 0.00000000 1.0000
0.00000000 0.49857761 0.00000000 1.0000
0.00000000 0.38412758 0.00000000 1.0000
0.00000000 0.31547275 0.00000000 1.0000
0.00000000 0.20988079 0.00000000 1.0000
0.00000000 0.11222931 0.00000000 1.0000
0.00000000 0.00000000 0.00000000 1.0000
0.04274432 0.95725568 0.00000000 1.0000
0.04038566 0.86221312 0.00000000 1.0000
0.03842370 0.76958661 0.00000000 1.0000
0.03570455 0.67389352 0.00000000 1.0000
0.03558138 0.58618899 0.00000000 1.0000
0.03139666 0.49639172 0.00000000 1.0000
0.03293740 0.39231943 0.00000000 1.0000
0.02999192 0.32583133 0.00000000 1.0000
0.03114256 0.22833791 0.00000000 1.0000
0.03433445 0.13874582 0.00000000 1.0000
0.03709523 0.03709523 0.00000000 1.0000
0.08548864 0.91451136 0.00000000 1.0000
0.08077132 0.82833090 0.00000000 1.0000
0.07684741 0.74392535 0.00000000 1.0000
0.07140910 0.65722095 0.00000000 1.0000
0.07116276 0.57626684 0.00000000 1.0000
0.06279331 0.49420583 0.00000000 1.0000
0.06587480 0.40051129 0.00000000 1.0000
0.05998384 0.33618990 0.00000000 1.0000
0.06228512 0.24679504 0.00000000 1.0000
0.06866891 0.16526233 0.00000000 1.0000
0.07419045 0.07419045 0.00000000 1.0000
0.12823296 0.87176704 0.00000000 1.0000
0.12115697 0.79444868 0.00000000 1.0000
0.11527111 0.71826410 0.00000000 1.0000
0.10711365 0.64054837 0.00000000 1.0000
0.10674414 0.56634469 0.00000000 1.0000
0.09418997 0.49201994 0.00000000 1.0000
0.09881220 0.40870314 0.00000000 1.0000
0.08997576 0.34654847 0.00000000 1.0000
0.09342768 0.26525216 0.00000000 1.0000
0.10300336 0.19177884 0.00000000 1.0000
0.11128568 0.11128568 0.00000000 1.0000
0.17097728 0.82902272 0.00000000 1.0000
0.16154263 0.76056645 0.00000000 1.0000
0.15369481 0.69260284 0.00000000 1.0000
0.14281820 0.62387579 0.00000000 1.0000
0.14232552 0.55642254 0.00000000 1.0000
0.12558663 0.48983405 0.00000000 1.0000
0.13174960 0.41689499 0.00000000 1.0000
0.11996768 0.35690705 0.00000000 1.0000
0.12457024 0.28370929 0.00000000 1.0000
0.13733781 0.21829536 0.00000000 1.0000
0.14838091 0.14838091 0.00000000 1.0000
0.21372160 0.78627840 0.00000000 1.0000
0.20192829 0.72668423 0.00000000 1.0000
0.19211851 0.66694158 0.00000000 1.0000
0.17852275 0.60720321 0.00000000 1.0000
0.17790690 0.54650039 0.00000000 1.0000
0.15698328 0.48764816 0.00000000 1.0000
0.16468701 0.42508685 0.00000000 1.0000
0.14995960 0.36726562 0.00000000 1.0000
0.15571281 0.30216641 0.00000000 1.0000
0.17167227 0.24481187 0.00000000 1.0000
0.18547613 0.18547613 0.00000000 1.0000
0.25646591 0.74353409 0.00000000 1.0000
0.24231395 0.69280200 0.00000000 1.0000
0.23054222 0.64128033 0.00000000 1.0000
0.21422730 0.59053063 0.00000000 1.0000
0.21348828 0.53657825 0.00000000 1.0000
0.18837994 0.48546227 0.00000000 1.0000
0.19762441 0.43327870 0.00000000 1.0000
0.17995152 0.37762419 0.00000000 1.0000
0.18685537 0.32062354 0.00000000 1.0000
0.20600672 0.27132838 0.00000000 1.0000
0.22257136 0.22257136 0.00000000 1.0000
0.29921023 0.70078977 0.00000000 1.0000
0.28269961 0.65891978 0.00000000 1.0000
0.26896592 0.61561907 0.00000000 1.0000
0.24993185 0.57385806 0.00000000 1.0000
0.24906966 0.52665610 0.00000000 1.0000
0.21977660 0.48327639 0.00000000 1.0000
0.23056181 0.44147055 0.00000000 1.0000
0.20994344 0.38798276 0.00000000 1.0000
0.21799793 0.33908066 0.00000000 1.0000
0.24034117 0.29784489 0.00000000 1.0000
0.25966659 0.25966659 0.00000000 1.0000
0.34195455 0.65804545 0.00000000 1.0000
0.32308527 0.62503756 0.00000000 1.0000
0.30738962 0.58995781 0.00000000 1.0000
0.28563640 0.55718548 0.00000000 1.0000
0.28465104 0.51673395 0.00000000 1.0000
0.25117325 0.48109050 0.00000000 1.0000
0.26349921 0.44966241 0.00000000 1.0000
0.23993536 0.39834134 0.00000000 1.0000
0.24914049 0.35753779 0.00000000 1.0000
0.27467562 0.32436140 0.00000000 1.0000
0.29676181 0.29676181 0.00000000 1.0000
0.38469887 0.61530113 0.00000000 1.0000
0.36347092 0.59115533 0.00000000 1.0000
0.34581333 0.56429656 0.00000000 1.0000
0.32134094 0.54051290 0.00000000 1.0000
0.32023242 0.50681180 0.00000000 1.0000
0.28256991 0.47890461 0.00000000 1.0000
0.29643661 0.45785426 0.00000000 1.0000
0.26992728 0.40869991 0.00000000 1.0000
0.28028305 0.37599491 0.00000000 1.0000
0.30901008 0.35087791 0.00000000 1.0000
0.33385704 0.33385704 0.00000000 1.0000
0.42744319 0.57255681 0.00000000 1.0000
0.40385658 0.55727311 0.00000000 1.0000
0.38423703 0.53863530 0.00000000 1.0000
0.35704549 0.52384032 0.00000000 1.0000
0.35581380 0.49688966 0.00000000 1.0000
0.31396657 0.47671872 0.00000000 1.0000
0.32937401 0.46604611 0.00000000 1.0000
0.29991920 0.41905848 0.00000000 1.0000
0.31142561 0.39445204 0.00000000 1.0000
0.34334453 0.37739442 0.00000000 1.0000
0.37095227 0.37095227 0.00000000 1.0000
