22
0 0.00000000 0.00000000 0.00000000 0.00000000 0.00000000 0.00000000 0.00000000 0.00000000 0.00000000 0.00000000 1.00000000 1.00000000 1.00000000 1.00000000 1.00000000 1.00000000 1.00000000 1.00000000 1.00000000 1.00000000 1
22
0 0.00000000 0.00000000 0.00000000 0.00000000 0.00000000 0.00000000 0.00000000 0.00000000 0.00000000 0.00000000 1.00000000 1.00000000 1.00000000 1.00000000 1.00000000 1.00000000 1.00000000 1.00000000 1.00000000 1.00000000 1
121
0.00000000 1.00000000 0.00000000 1.0000
0.00000000 0.89724452 0.00000000 1.0000
0.00000000 0.78365246 0.00000000 1.0000
0.00000000 0.70758617 0.00000000 1.0000
0.00000000 0.57040514 0.00000000 1.0000
0.00000000 0.50352377 0.00000000 1.0000
0.00000000 0.42350897 0.00000000 1.0000
0.00000000 0.29628280 0.00000000 1.0000
0.00000000 0.21458955 0.00000000 1.0000
0.00000000 0.10322500 0.00000000 1.0000
0.00000000 0.00000000 0.00000000 1.0000
0.03222581 0.95703225 0.00000000 1.0000
0.02949575 0.86343327 0.00000000 1.0000
0.03100648 0.76155286 0.00000000 1.0000
0.01921640 0.68852602 0.00000000 1.0000
0.03777602 0.56850687 0.00000000 1.0000
0.00666174 0.50281332 0.00000000 1.0000
0.03775685 0.42663317 0.00000000 1.0000
0.01924618 0.31456579 0.00000000 1.0000
0.03097904 0.23704009 0.00000000 1.0000
0.02950738 0.13694326 0.00000000 1.0000
0.03222581 0.04296775 0.00000000 1.0000
0.06445163 0.91406450 0.00000000 1.0000
0.05899149 0.82962202 0.00000000 1.0000
0.06201296 0.73945326 0.00000000 1.0000
0.03843281 0.66946586 0.00000000 1.0000
0.07555203 0.56660860 0.00000000 1.0000
0.01332348 0.50210287 0.00000000 1.0000
0.07551369 0.42975737 0.00000000 1.0000
0.03849235 0.33284879 0.00000000 1.0000
0.06195808 0.25949062 0.00000000 1.0000
0.05901477 0.17066152 0.00000000 1.0000
0.06445163 0.08593550 0.00000000 1.0000
0.09667744 0.87109675 0.00000000 1.0000
0.08848724 0.79581077 0.00000000 1.0000
0.09301945 0.71735365 0.00000000 1.0000
0.05764921 0.65040571 0.00000000 1.0000
0.11332805 0.56471033 0.00000000 1.0000
0.01998521 0.50139241 0.00000000 1.0000
0.11327054 0.43288158 0.00000000 1.0000
0.05773853 0.35113178 0.00000000 1.0000
0.09293711 0.28194116 0.00000000 1.0000
0.08852215 0.20437978 0.00000000 1.0000
0.09667744 0.12890325 0.00000000 1.0000
0.12890325 0.82812900 0.00000000 1.0000
0.11798299 0.76199952 0.00000000 1.0000
0.12402593 0.69525405 0.00000000 1.0000
0.07686562 0.63134555 0.00000000 1.0000
0.15110407 0.56281206 0.00000000 1.0000
0.02664695 0.50068196 0.00000000 1.0000
0.15102739 0.43600578 0.00000000 1.0000
0.07698470 0.36941477 0.00000000 1.0000
0.12391615 0.30439169 0.00000000 1.0000
0.11802953 0.23809804 0.00000000 1.0000
0.12890325 0.17187100 0.00000000 1.0000
0.16112907 0.78516124 0.00000000 1.0000
0.14747874 0.72818827 0.00000000 1.0000
0.15503241 0.67315445 0.00000000 1.0000
0.09608202 0.61228539 0.00000000 1.0000
0.18888008 0.56091379 0.00000000 1.0000
0.03330869 0.49997151 0.00000000 1.0000
0.18878423 0.43912998 0.00000000 1.0000
0.09623088 0.38769776 0.00000000 1.0000
0.15489519 0.32684223 0.00000000 1.0000
0.14753691 0.27181630 0.00000000 1.0000
0.16112907 0.21483876 0.00000000 1.0000
0.19335488 0.74219349 0.00000000 1.0000
0.17697448 0.69437702 0.00000000 1.0000
0.18603889 0.65105484 0.00000000 1.0000
0.11529842 0.59322524 0.00000000 1.0000
0.22665610 0.55901552 0.00000000 1.0000
0.03997043 0.49926106 0.00000000 1.0000
0.22654108 0.44225419 0.00000000 1.0000
0.11547705 0.40598075 0.00000000 1.0000
0.18587423 0.34929276 0.00000000 1.0000
0.17704430 0.30553456 0.00000000 1.0000
0.19335488 0.25780651 0.00000000 1.0000
0.22558069 0.69922574 0.00000000 1.0000
0.20647023 0.66056577 0.00000000 1.0000
0.21704538 0.62895524 0.00000000 1.0000
0.13451483 0.57416508 0.00000000 1.0000
0.26443211 0.55711725 0.00000000 1.0000
0.04663216 0.49855061 0.00000000 1.0000
0.26429793 0.44537839 0.00000000 1.0000
0.13472323 0.42426374 0.00000000 1.0000
0.21685326 0.37174330 0.00000000 1.0000
0.20655168 0.33925283 0.00000000 1.0000
0.22558069 0.30077426 0.00000000 1.0000
0.25780651 0.65625799 0.00000000 1.0000
0.23596598 0.62675452 0.00000000 1.0000
0.24805186 0.60685564 0.00000000 1.0000
0.15373123 0.55510493 0.00000000 1.0000
0.30220813 0.55521898 0.00000000 1.0000
0.05329390 0.49784016 0.00000000 1.0000
0.30205477 0.44850259 0.00000000 1.0000
0.15396940 0.44254673 0.00000000 1.0000
0.24783230 0.39419383 0.00000000 1.0000
0.23605906 0.37297109 0.00000000 1.0000
0.25780651 0.34374201 0.00000000 1.0000
0.29003232 0.61329024 0.00000000 1.0000
0.26546172 0.59294326 0.00000000 1.0000
0.27905834 0.58475603 0.00000000 1.0000
0.17294764 0.53604477 0.00000000 1.0000
0.33998415 0.55332071 0.00000000 1.0000
0.05995564 0.49712971 0.00000000 1.0000
0.33981162 0.45162680 0.00000000 1.0000
0.17321558 0.46082972 0.00000000 1.0000
0.27881134 0.41664437 0.00000000 1.0000
0.26556645 0.40668935 0.00000000 1.0000
0.29003232 0.38670976 0.00000000 1.0000
0.32225813 0.57032249 0.00000000 1.0000
0.29495747 0.55913201 0.00000000 1.0000
0.31006482 0.56265643 0.00000000 1.0000
0.19216404 0.51698461 0.00000000 1.0000
0.37776016 0.55142244 0.00000000 1.0000
0.06661738 0.49641926 0.00000000 1.0000
0.37756847 0.45475100 0.00000000 1.0000
0.19246175 0.47911271 0.00000000 1.0000
0.30979038 0.43909490 0.00000000 1.0000
0.29507383 0.44040761 0.00000000 1.0000
0.32225813 0.42967751 0.00000000 1.0000
