22
0 0.00000000 0.00000000 0.00000000 0.00000000 0.00000000 0.00000000 0.00000000 0.00000000 0.00000000 0.00000000 1.00000000 1.00000000 1.00000000 1.00000000 1.00000000 1.00000000 1.00000000 1.00000000 1.00000000 1.00000000 1
22
0 0.00000000 0.00000000 0.00000000 0.00000000 0.00000000 0.00000000 0.00000000 0.00000000 0.00000000 0.00000000 1.00000000 1.00000000 1.00000000 1.00000000 1.00000000 1.00000000 1.00000000 1.00000000 1.00000000 1.00000000 1
121
0.00000000 0.00000000 0.00000000 1.0000
0.10168187 0.00000000 0.00000000 1.0000
0.20277951 0.00000000 0.00000000 1.0000
0.30364318 0.00000000 0.00000000 1.0000
0.40336331 0.00000000 0.00000000 1.0000
0.50409305 0.00000000 0.00000000 1.0000
0.60308775 0.00000000 0.00000000 1.0000
0.70248010 0.00000000 0.00000000 1.0000
0.80193809 0.00000000 0.00000000 1.0000
0.90033981 0.00000000 0.00000000 1.0000
1.00000000 0.00000000 0.00000000 1.0000
0.04274432 0.04274432 0.00000000 1.0000
0.13606673 0.04153565 0.00000000 1.0000
0.22893162 0.04042080 0.00000000 1.0000
0.32162631 0.03949614 0.00000000 1.0000
0.41340082 0.03853076 0.00000000 1.0000
0.50601551 0.03792354 0.00000000 1.0000
0.59722263 0.03722678 0.00000000 1.0000
0.68878031 0.03683917 0.00000000 1.0000
0.78037901 0.03659940 0.00000000 1.0000
0.87114879 0.03661038 0.00000000 1.0000
0.96290477 0.03709523 0.00000000 1.0000
0.08548864 0.08548864 0.00000000 1.0000
0.17045158 0.08307129 0.00000000 1.0000
0.25508373 0.08084161 0.00000000 1.0000
0.33960945 0.07899227 0.00000000 1.0000
0.42343832 0.07706151 0.00000000 1.0000
0.50793797 0.07584709 0.00000000 1.0000
0.59135750 0.07445355 0.00000000 1.0000
0.67508051 0.07367835 0.00000000 1.0000
0.75881993 0.07319880 0.00000000 1.0000
0.84195777 0.07322076 0.00000000 1.0000
0.92580955 0.07419045 0.00000000 1.0000
0.12823296 0.12823296 0.00000000 1.0000
0.20483644 0.12460694 0.00000000 1.0000
0.28123584 0.12126241 0.00000000 1.0000
0.35759258 0.11848841 0.00000000 1.0000
0.43347583 0.11559227 0.00000000 1.0000
0.50986043 0.11377063 0.00000000 1.0000
0.58549238 0.11168033 0.00000000 1.0000
0.66138072 0.11051752 0.00000000 1.0000
0.73726085 0.10979820 0.00000000 1.0000
0.81276676 0.10983115 0.00000000 1.0000
0.88871432 0.11128568 0.00000000 1.0000
0.17097728 0.17097728 0.00000000 1.0000
0.23922130 0.16614258 0.00000000 1.0000
0.30738795 0.16168322 0.00000000 1.0000
0.37557571 0.15798455 0.00000000 1.0000
0.44351333 0.15412303 0.00000000 1.0000
0.51178289 0.15169418 0.00000000 1.0000
0.57962726 0.14890711 0.00000000 1.0000
0.64768092 0.14735669 0.00000000 1.0000
0.71570176 0.14639760 0.00000000 1.0000
0.78357574 0.14644153 0.00000000 1.0000
0.85161909 0.14838091 0.00000000 1.0000
0.21372160 0.21372160 0.00000000 1.0000
0.27360616 0.20767823 0.00000000 1.0000
0.33354005 0.20210402 0.00000000 1.0000
0.39355885 0.19748068 0.00000000 1.0000
0.45355084 0.19265378 0.00000000 1.0000
0.51370536 0.18961772 0.00000000 1.0000
0.57376213 0.18613389 0.00000000 1.0000
0.63398112 0.18419587 0.00000000 1.0000
0.69414268 0.18299700 0.00000000 1.0000
0.75438473 0.18305191 0.00000000 1.0000
0.81452387 0.18547613 0.00000000 1.0000
0.25646591 0.25646591 0.00000000 1.0000
0.30799102 0.24921387 0.00000000 1.0000
0.35969216 0.24252482 0.00000000 1.0000
0.41154198 0.23697682 0.00000000 1.0000
0.46358835 0.23118454 0.00000000 1.0000
0.51562782 0.22754127 0.00000000 1.0000
0.56789701 0.22336066 0.00000000 1.0000
0.62028133 0.22103504 0.00000000 1.0000
0.67258360 0.21959640 0.00000000 1.0000
0.72519371 0.21966229 0.00000000 1.0000
0.77742864 0.22257136 0.00000000 1.0000
0.29921023 0.29921023 0.00000000 1.0000
0.34237587 0.29074952 0.00000000 1.0000
0.38584427 0.28294563 0.00000000 1.0000
0.42952511 0.27647296 0.00000000 1.0000
0.47362585 0.26971530 0.00000000 1.0000
0.51755028 0.26546481 0.00000000 1.0000
0.56203188 0.26058744 0.00000000 1.0000
0.60658153 0.25787421 0.00000000 1.0000
0.65102452 0.25619580 0.00000000 1.0000
0.69600270 0.25627267 0.00000000 1.0000
0.74033341 0.25966659 0.00000000 1.0000
0.34195455 0.34195455 0.00000000 1.0000
0.37676073 0.33228517 0.00000000 1.0000
0.41199638 0.32336643 0.00000000 1.0000
0.44750824 0.31596909 0.00000000 1.0000
0.48366336 0.30824606 0.00000000 1.0000
0.51947274 0.30338835 0.00000000 1.0000
0.55616676 0.29781422 0.00000000 1.0000
0.59288174 0.29471339 0.00000000 1.0000
0.62946544 0.29279520 0.00000000 1.0000
0.66681168 0.29288305 0.00000000 1.0000
0.70323819 0.29676181 0.00000000 1.0000
0.38469887 0.38469887 0.00000000 1.0000
0.41114559 0.37382081 0.00000000 1.0000
0.43814849 0.36378724 0.00000000 1.0000
0.46549138 0.35546523 0.00000000 1.0000
0.49370087 0.34677681 0.00000000 1.0000
0.52139520 0.34131190 0.00000000 1.0000
0.55030163 0.33504100 0.00000000 1.0000
0.57918194 0.33155256 0.00000000 1.0000
0.60790636 0.32939460 0.00000000 1.0000
0.63762066 0.32949344 0.00000000 1.0000
0.66614296 0.33385704 0.00000000 1.0000
0.42744319 0.42744319 0.00000000 1.0000
0.44553045 0.41535646 0.00000000 1.0000
0.46430060 0.40420804 0.00000000 1.0000
0.48347451 0.39496137 0.00000000 1.0000
0.50373837 0.38530757 0.00000000 1.0000
0.52331766 0.37923544 0.00000000 1.0000
0.54443651 0.37226777 0.00000000 1.0000
0.56548214 0.36839174 0.00000000 1.0000
0.58634728 0.36599400 0.00000000 1.0000
0.60842965 0.36610382 0.00000000 1.0000
0.62904773 0.37095227 0.00000000 1.0000
