22
0 0.00000000 0.00000000 0.00000000 0.00000000 0.00000000 0.00000000 0.00000000 0.00000000 0.00000000 0.00000000 1.00000000 1.00000000 1.00000000 1.00000000 1.00000000 1.00000000 1.00000000 1.00000000 1.00000000 1.00000000 1
22
0 0.00000000 0.00000000 0.00000000 0.00000000 0.00000000 0.00000000 0.00000000 0.00000000 0.00000000 0.00000000 1.00000000 1.00000000 1.00000000 1.00000000 1.00000000 1.00000000 1.00000000 1.00000000 1.00000000 1.00000000 1
121
1.00000000 0.00000000 0.00000000 1.0000
1.00000000 0.10573545 0.00000000 1.0000
1.00000000 0.20923602 0.00000000 1.0000
1.00000000 0.30857678 0.00000000 1.0000
1.00000000 0.40714852 0.00000000 1.0000
1.00000000 0.50196170 0.00000000 1.0000
1.00000000 0.58951567 0.00000000 1.0000
1.00000000 0.69342116 0.00000000 1.0000
1.00000000 0.78997889 0.00000000 1.0000
1.00000000 0.89446140 0.00000000 1.0000
1.00000000 1.00000000 0.00000000 1.0000
0.95832050 0.04167950 0.00000000 1.0000
0.96065545 0.13782875 0.00000000 1.0000
0.96184984 0.23218343 0.00000000 1.0000
0.96568150 0.32339860 0.00000000 1.0000
0.96285330 0.41379408 0.00000000 1.0000
0.96945821 0.50157457 0.00000000 1.0000
0.96283925 0.58352871 0.00000000 1.0000
0.96569325 0.67820452 0.00000000 1.0000
0.96184686 0.76718706 0.00000000 1.0000
0.96065782 0.86232936 0.00000000 1.0000
0.95832050 0.95832050 0.00000000 1.0000
0.91664101 0.08335899 0.00000000 1.0000
0.92131090 0.16992205 0.00000000 1.0000
0.92369968 0.25513084 0.00000000 1.0000
0.93136299 0.33822041 0.00000000 1.0000
0.92570660 0.42043965 0.00000000 1.0000
0.93891642 0.50118743 0.00000000 1.0000
0.92567850 0.57754176 0.00000000 1.0000
0.93138650 0.66298787 0.00000000 1.0000
0.92369372 0.74439523 0.00000000 1.0000
0.92131565 0.83019732 0.00000000 1.0000
0.91664101 0.91664101 0.00000000 1.0000
0.87496151 0.12503849 0.00000000 1.0000
0.88196636 0.20201534 0.00000000 1.0000
0.88554952 0.27807824 0.00000000 1.0000
0.89704449 0.35304222 0.00000000 1.0000
0.88855991 0.42708521 0.00000000 1.0000
0.90837463 0.50080030 0.00000000 1.0000
0.88851775 0.57155480 0.00000000 1.0000
0.89707976 0.64777123 0.00000000 1.0000
0.88554058 0.72160340 0.00000000 1.0000
0.88197347 0.79806527 0.00000000 1.0000
0.87496151 0.87496151 0.00000000 1.0000
0.83328201 0.16671799 0.00000000 1.0000
0.84262181 0.23410864 0.00000000 1.0000
0.84739937 0.30102565 0.00000000 1.0000
0.86272599 0.36786403 0.00000000 1.0000
0.85141321 0.43373077 0.00000000 1.0000
0.87783284 0.50041317 0.00000000 1.0000
0.85135700 0.56556785 0.00000000 1.0000
0.86277301 0.63255458 0.00000000 1.0000
0.84738745 0.69881157 0.00000000 1.0000
0.84263129 0.76593323 0.00000000 1.0000
0.83328201 0.83328201 0.00000000 1.0000
0.79160251 0.20839749 0.00000000 1.0000
0.80327726 0.26620194 0.00000000 1.0000
0.80924921 0.32397306 0.00000000 1.0000
0.82840748 0.38268584 0.00000000 1.0000
0.81426651 0.44037633 0.00000000 1.0000
0.84729105 0.50002603 0.00000000 1.0000
0.81419625 0.55958089 0.00000000 1.0000
0.82846626 0.61733794 0.00000000 1.0000
0.80923431 0.67601974 0.00000000 1.0000
0.80328912 0.73380119 0.00000000 1.0000
0.79160251 0.79160251 0.00000000 1.0000
0.74992302 0.25007698 0.00000000 1.0000
0.76393271 0.29829524 0.00000000 1.0000
0.77109905 0.34692046 0.00000000 1.0000
0.79408898 0.39750765 0.00000000 1.0000
0.77711981 0.44702189 0.00000000 1.0000
0.81674926 0.49963890 0.00000000 1.0000
0.77703550 0.55359394 0.00000000 1.0000
0.79415951 0.60212130 0.00000000 1.0000
0.77108117 0.65322791 0.00000000 1.0000
0.76394694 0.70166914 0.00000000 1.0000
0.74992302 0.74992302 0.00000000 1.0000
0.70824352 0.29175648 0.00000000 1.0000
0.72458816 0.33038854 0.00000000 1.0000
0.73294889 0.36986787 0.00000000 1.0000
0.75977048 0.41232947 0.00000000 1.0000
0.73997311 0.45366745 0.00000000 1.0000
0.78620747 0.49925176 0.00000000 1.0000
0.73987475 0.54760698 0.00000000 1.0000
0.75985276 0.58690465 0.00000000 1.0000
0.73292803 0.63043608 0.00000000 1.0000
0.72460477 0.66953710 0.00000000 1.0000
0.70824352 0.70824352 0.00000000 1.0000
0.66656402 0.33343598 0.00000000 1.0000
0.68524362 0.36248184 0.00000000 1.0000
0.69479873 0.39281528 0.00000000 1.0000
0.72545197 0.42715128 0.00000000 1.0000
0.70282642 0.46031301 0.00000000 1.0000
0.75566568 0.49886463 0.00000000 1.0000
0.70271400 0.54162003 0.00000000 1.0000
0.72554602 0.57168801 0.00000000 1.0000
0.69477489 0.60764425 0.00000000 1.0000
0.68526259 0.63740506 0.00000000 1.0000
0.66656402 0.66656402 0.00000000 1.0000
0.62488453 0.37511547 0.00000000 1.0000
0.64589907 0.39457514 0.00000000 1.0000
0.65664857 0.41576268 0.00000000 1.0000
0.69113347 0.44197309 0.00000000 1.0000
0.66567972 0.46695857 0.00000000 1.0000
0.72512389 0.49847749 0.00000000 1.0000
0.66555325 0.53563307 0.00000000 1.0000
0.69123927 0.55647137 0.00000000 1.0000
0.65662175 0.58485242 0.00000000 1.0000
0.64592041 0.60527301 0.00000000 1.0000
0.62488453 0.62488453 0.00000000 1.0000
0.58320503 0.41679497 0.00000000 1.0000
0.60655452 0.42666844 0.00000000 1.0000
0.61849842 0.43871009 0.00000000 1.0000
0.65681497 0.45679490 0.00000000 1.0000
0.62853302 0.47360413 0.00000000 1.0000
0.69458210 0.49809036 0.00000000 1.0000
0.62839249 0.52964612 0.00000000 1.0000
0.65693252 0.54125472 0.00000000 1.0000
0.61846861 0.56206059 0.00000000 1.0000
0.60657824 0.57314097 0.00000000 1.0000
0.58320503 0.58320503 0.00000000 1.0000
