22
0 0.00000000 0.00000000 0.00000000 0.00000000 0.00000000 0.00000000 0.00000000 0.00000000 0.00000000 0.00000000 1.00000000 1.00000000 1.00000000 1.00000000 1.00000000 1.00000000 1.00000000 1.00000000 1.00000000 1.00000000 1
22
0 0.00000000 0.00000000 0.00000000 0.00000000 0.00000000 0.00000000 0.00000000 0.00000000 0.00000000 0.00000000 1.00000000 1.00000000 1.00000000 1.00000000 1.00000000 1.00000000 1.00000000 1.00000000 1.00000000 1.00000000 1
121
0.00000000 0.00000000 0.00000000 1.0000
0.15165079 0.00000000 0.00000000 1.0000
0.30300229 0.00000000 0.00000000 1.0000
0.45254487 0.00000000 0.00000000 1.0000
0.60289158 0.00000000 0.00000000 1.0000
0.75088470 0.00000000 0.00000000 1.0000
0.89558364 0.00000000 0.00000000 1.0000
1.04840913 0.00000000 0.00000000 1.0000
1.19659458 0.00000000 0.00000000 1.0000
1.34844117 0.00000000 0.00000000 1.0000
1.50000000 0.00000000 0.00000000 1.0000
0.07200000 0.04200000 0.00000000 1.0000
0.20891495 0.04132153 0.00000000 1.0000
0.34558686 0.04097685 0.00000000 1.0000
0.48083122 0.03980203 0.00000000 1.0000
0.61669091 0.04071488 0.00000000 1.0000
0.75070957 0.03852262 0.00000000 1.0000
0.88208614 0.04072717 0.00000000 1.0000
1.01993395 0.03978805 0.00000000 1.0000
1.15408981 0.04098408 0.00000000 1.0000
1.29115880 0.04132026 0.00000000 1.0000
1.42800000 0.04200000 0.00000000 1.0000
0.14400000 0.08400000 0.00000000 1.0000
0.26617912 0.08264306 0.00000000 1.0000
0.38817143 0.08195370 0.00000000 1.0000
0.50911757 0.07960406 0.00000000 1.0000
0.63049025 0.08142975 0.00000000 1.0000
0.75053445 0.07704524 0.00000000 1.0000
0.86858863 0.08145434 0.00000000 1.0000
0.99145876 0.07957611 0.00000000 1.0000
1.11158504 0.08196817 0.00000000 1.0000
1.23387642 0.08264051 0.00000000 1.0000
1.35600000 0.08400000 0.00000000 1.0000
0.21600000 0.12600000 0.00000000 1.0000
0.32344328 0.12396458 0.00000000 1.0000
0.43075599 0.12293054 0.00000000 1.0000
0.53740391 0.11940609 0.00000000 1.0000
0.64428958 0.12214463 0.00000000 1.0000
0.75035932 0.11556787 0.00000000 1.0000
0.85509112 0.12218151 0.00000000 1.0000
0.96298358 0.11936416 0.00000000 1.0000
1.06908027 0.12295225 0.00000000 1.0000
1.17659404 0.12396077 0.00000000 1.0000
1.28400000 0.12600000 0.00000000 1.0000
0.28800000 0.16800000 0.00000000 1.0000
0.38070744 0.16528611 0.00000000 1.0000
0.47334056 0.16390739 0.00000000 1.0000
0.56569026 0.15920812 0.00000000 1.0000
0.65808891 0.16285951 0.00000000 1.0000
0.75018420 0.15409049 0.00000000 1.0000
0.84159362 0.16290868 0.00000000 1.0000
0.93450840 0.15915221 0.00000000 1.0000
1.02657550 0.16393634 0.00000000 1.0000
1.11931166 0.16528103 0.00000000 1.0000
1.21200000 0.16800000 0.00000000 1.0000
0.36000000 0.21000000 0.00000000 1.0000
0.43797160 0.20660764 0.00000000 1.0000
0.51592513 0.20488424 0.00000000 1.0000
0.59397661 0.19901014 0.00000000 1.0000
0.67188824 0.20357438 0.00000000 1.0000
0.75000907 0.19261311 0.00000000 1.0000
0.82809611 0.20363585 0.00000000 1.0000
0.90603321 0.19894026 0.00000000 1.0000
0.98407073 0.20492042 0.00000000 1.0000
1.06202928 0.20660128 0.00000000 1.0000
1.14000000 0.21000000 0.00000000 1.0000
0.43200000 0.25200000 0.00000000 1.0000
0.49523576 0.24792917 0.00000000 1.0000
0.55850970 0.24586109 0.00000000 1.0000
0.62226296 0.23881217 0.00000000 1.0000
0.68568757 0.24428926 0.00000000 1.0000
0.74983395 0.23113573 0.00000000 1.0000
0.81459860 0.24436302 0.00000000 1.0000
0.87755803 0.23872832 0.00000000 1.0000
0.94156596 0.24590451 0.00000000 1.0000
1.00474690 0.24792154 0.00000000 1.0000
1.06800000 0.25200000 0.00000000 1.0000
0.50400000 0.29400000 0.00000000 1.0000
0.55249992 0.28925069 0.00000000 1.0000
0.60109427 0.28683794 0.00000000 1.0000
0.65054930 0.27861420 0.00000000 1.0000
0.69948690 0.28500414 0.00000000 1.0000
0.74965882 0.26965835 0.00000000 1.0000
0.80110110 0.28509019 0.00000000 1.0000
0.84908285 0.27851637 0.00000000 1.0000
0.89906120 0.28688859 0.00000000 1.0000
0.94746452 0.28924180 0.00000000 1.0000
0.99600000 0.29400000 0.00000000 1.0000
0.57600000 0.33600000 0.00000000 1.0000
0.60976408 0.33057222 0.00000000 1.0000
0.64367884 0.32781478 0.00000000 1.0000
0.67883565 0.31841623 0.00000000 1.0000
0.71328623 0.32571901 0.00000000 1.0000
0.74948370 0.30818097 0.00000000 1.0000
0.78760359 0.32581736 0.00000000 1.0000
0.82060766 0.31830442 0.00000000 1.0000
0.85655643 0.32787268 0.00000000 1.0000
0.89018214 0.33056206 0.00000000 1.0000
0.92400000 0.33600000 0.00000000 1.0000
0.64800000 0.37800000 0.00000000 1.0000
0.66702825 0.37189375 0.00000000 1.0000
0.68626340 0.36879163 0.00000000 1.0000
0.70712200 0.35821826 0.00000000 1.0000
0.72708556 0.36643389 0.00000000 1.0000
0.74930857 0.34670360 0.00000000 1.0000
0.77410608 0.36654453 0.00000000 1.0000
0.79213248 0.35809247 0.00000000 1.0000
0.81405166 0.36885676 0.00000000 1.0000
0.83289976 0.37188231 0.00000000 1.0000
0.85200000 0.37800000 0.00000000 1.0000
0.72000000 0.42000000 0.00000000 1.0000
0.72429241 0.41321528 0.00000000 1.0000
0.72884797 0.40976848 0.00000000 1.0000
0.73540835 0.39802029 0.00000000 1.0000
0.74088489 0.40714876 0.00000000 1.0000
0.74913345 0.38522622 0.00000000 1.0000
0.76060858 0.40727170 0.00000000 1.0000
0.76365730 0.39788053 0.00000000 1.0000
0.77154689 0.40984085 0.00000000 1.0000
0.77561738 0.41320257 0.00000000 1.0000
0.78000000 0.42000000 0.00000000 1.0000
