22
0 0.00000000 0.00000000 0.00000000 0.00000000 0.00000000 0.00000000 0.00000000 0.00000000 0.00000000 0.00000000 1.00000000 1.00000000 1.00000000 1.00000000 1.00000000 1.00000000 1.00000000 1.00000000 1.00000000 1.00000000 1
22
0 0.00000000 0.00000000 0.00000000 0.00000000 0.00000000 0.00000000 0.00000000 0.00000000 0.00000000 0.00000000 1.00000000 1.00000000 1.00000000 1.00000000 1.00000000 1.00000000 1.00000000 1.00000000 1.00000000 1.00000000 1
121
2.00000000 1.00000000 0.00000000 1.0000
1.79625488 1.00000000 0.00000000 1.0000
1.59529611 1.00000000 0.00000000 1.0000
1.39837341 1.00000000 0.00000000 1.0000
1.19554253 1.00000000 0.00000000 1.0000
1.00328067 1.00000000 0.00000000 1.0000
0.79877441 1.00000000 0.00000000 1.0000
0.60523828 1.00000000 0.00000000 1.0000
0.40314368 1.00000000 0.00000000 1.0000
0.20408586 1.00000000 0.00000000 1.0000
0.00000000 1.00000000 0.00000000 1.0000
1.91200000 0.95600000 0.00000000 1.0000
1.72665218 0.95773889 0.00000000 1.0000
1.54349265 0.95899549 0.00000000 1.0000
1.36354413 0.95972546 0.00000000 1.0000
1.17885643 0.96031984 0.00000000 1.0000
1.00262769 0.96028729 0.00000000 1.0000
0.81659153 0.96034884 0.00000000 1.0000
0.63934883 0.95969115 0.00000000 1.0000
0.45525761 0.95901419 0.00000000 1.0000
0.27362065 0.95773614 0.00000000 1.0000
0.08800000 0.95600000 0.00000000 1.0000
1.82400000 0.91200000 0.00000000 1.0000
1.65704948 0.91547777 0.00000000 1.0000
1.49168919 0.91799098 0.00000000 1.0000
1.32871486 0.91945091 0.00000000 1.0000
1.16217033 0.92063969 0.00000000 1.0000
1.00197471 0.92057458 0.00000000 1.0000
0.83440866 0.92069768 0.00000000 1.0000
0.67345938 0.91938230 0.00000000 1.0000
0.50737153 0.91802838 0.00000000 1.0000
0.34315543 0.91547229 0.00000000 1.0000
0.17600000 0.91200000 0.00000000 1.0000
1.73600000 0.86800000 0.00000000 1.0000
1.58744678 0.87321666 0.00000000 1.0000
1.43988573 0.87698647 0.00000000 1.0000
1.29388559 0.87917637 0.00000000 1.0000
1.14548424 0.88095953 0.00000000 1.0000
1.00132174 0.88086187 0.00000000 1.0000
0.85222578 0.88104652 0.00000000 1.0000
0.70756993 0.87907346 0.00000000 1.0000
0.55948545 0.87704257 0.00000000 1.0000
0.41269022 0.87320843 0.00000000 1.0000
0.26400000 0.86800000 0.00000000 1.0000
1.64800000 0.82400000 0.00000000 1.0000
1.51784408 0.83095554 0.00000000 1.0000
1.38808226 0.83598195 0.00000000 1.0000
1.25905631 0.83890182 0.00000000 1.0000
1.12879814 0.84127937 0.00000000 1.0000
1.00066876 0.84114917 0.00000000 1.0000
0.87004291 0.84139537 0.00000000 1.0000
0.74168049 0.83876461 0.00000000 1.0000
0.61159937 0.83605677 0.00000000 1.0000
0.48222500 0.83094458 0.00000000 1.0000
0.35200000 0.82400000 0.00000000 1.0000
1.56000000 0.78000000 0.00000000 1.0000
1.44824138 0.78869443 0.00000000 1.0000
1.33627880 0.79497744 0.00000000 1.0000
1.22422704 0.79862728 0.00000000 1.0000
1.11211204 0.80159922 0.00000000 1.0000
1.00001578 0.80143646 0.00000000 1.0000
0.88786003 0.80174421 0.00000000 1.0000
0.77579104 0.79845576 0.00000000 1.0000
0.66371329 0.79507096 0.00000000 1.0000
0.55175979 0.78868072 0.00000000 1.0000
0.44000000 0.78000000 0.00000000 1.0000
1.47200000 0.73600000 0.00000000 1.0000
1.37863868 0.74643332 0.00000000 1.0000
1.28447534 0.75397293 0.00000000 1.0000
1.18939777 0.75835273 0.00000000 1.0000
1.09542594 0.76191906 0.00000000 1.0000
0.99936280 0.76172375 0.00000000 1.0000
0.90567715 0.76209305 0.00000000 1.0000
0.80990159 0.75814691 0.00000000 1.0000
0.71582721 0.75408515 0.00000000 1.0000
0.62129457 0.74641687 0.00000000 1.0000
0.52800000 0.73600000 0.00000000 1.0000
1.38400000 0.69200000 0.00000000 1.0000
1.30903598 0.70417220 0.00000000 1.0000
1.23267188 0.71296842 0.00000000 1.0000
1.15456849 0.71807819 0.00000000 1.0000
1.07873984 0.72223890 0.00000000 1.0000
0.99870983 0.72201104 0.00000000 1.0000
0.92349428 0.72244189 0.00000000 1.0000
0.84401214 0.71783806 0.00000000 1.0000
0.76794114 0.71309934 0.00000000 1.0000
0.69082936 0.70415301 0.00000000 1.0000
0.61600000 0.69200000 0.00000000 1.0000
1.29600000 0.64800000 0.00000000 1.0000
1.23943328 0.66191109 0.00000000 1.0000
1.18086842 0.67196391 0.00000000 1.0000
1.11973922 0.67780364 0.00000000 1.0000
1.06205374 0.68255874 0.00000000 1.0000
0.99805685 0.68229833 0.00000000 1.0000
0.94131140 0.68279073 0.00000000 1.0000
0.87812270 0.67752922 0.00000000 1.0000
0.82005506 0.67211353 0.00000000 1.0000
0.76036414 0.66188916 0.00000000 1.0000
0.70400000 0.64800000 0.00000000 1.0000
1.20800000 0.60400000 0.00000000 1.0000
1.16983058 0.61964997 0.00000000 1.0000
1.12906496 0.63095940 0.00000000 1.0000
1.08490995 0.63752910 0.00000000 1.0000
1.04536764 0.64287859 0.00000000 1.0000
0.99740387 0.64258562 0.00000000 1.0000
0.95912853 0.64313957 0.00000000 1.0000
0.91223325 0.63722037 0.00000000 1.0000
0.87216898 0.63112772 0.00000000 1.0000
0.82989893 0.61962530 0.00000000 1.0000
0.79200000 0.60400000 0.00000000 1.0000
1.12000000 0.56000000 0.00000000 1.0000
1.10022788 0.57738886 0.00000000 1.0000
1.07726150 0.58995489 0.00000000 1.0000
1.05008067 0.59725455 0.00000000 1.0000
1.02868154 0.60319843 0.00000000 1.0000
0.99675089 0.60287291 0.00000000 1.0000
0.97694565 0.60348842 0.00000000 1.0000
0.94634380 0.59691152 0.00000000 1.0000
0.92428290 0.59014192 0.00000000 1.0000
0.89943371 0.57736145 0.00000000 1.0000
0.88000000 0.56000000 0.00000000 1.0000
