22
0 0.00000000 0.00000000 0.00000000 0.00000000 0.00000000 0.00000000 0.00000000 0.00000000 0.00000000 0.00000000 1.00000000 1.00000000 1.00000000 1.00000000 1.00000000 1.00000000 1.00000000 1.00000000 1.00000000 1.00000000 1
22
0 0.00000000 0.00000000 0.00000000 0.00000000 0.00000000 0.00000000 0.00000000 0.00000000 0.00000000 0.00000000 1.00000000 1.00000000 1.00000000 1.00000000 1.00000000 1.00000000 1.00000000 1.00000000 1.00000000 1.00000000 1
121
1.00000000 1.00000000 0.00000000 1.0000
0.89505983 1.00000000 0.00000000 1.0000
0.77533055 1.00000000 0.00000000 1.0000
0.70856978 1.00000000 0.00000000 1.0000
0.56095428 1.00000000 0.00000000 1.0000
0.49793096 1.00000000 0.00000000 1.0000
0.44262925 1.00000000 0.00000000 1.0000
0.28916876 1.00000000 0.00000000 1.0000
0.22560779 1.00000000 0.00000000 1.0000
0.10468300 1.00000000 0.00000000 1.0000
0.00000000 1.00000000 0.00000000 1.0000
0.95894427 0.95894427 0.00000000 1.0000
0.86324045 0.96335456 0.00000000 1.0000
0.75654985 0.95995305 0.00000000 1.0000
0.68965577 0.98089056 0.00000000 1.0000
0.56228055 0.94709562 0.00000000 1.0000
0.49832343 1.00201442 0.00000000 1.0000
0.44062241 0.94707463 0.00000000 1.0000
0.30851318 0.98090982 0.00000000 1.0000
0.24420906 0.95994767 0.00000000 1.0000
0.13655058 0.96336028 0.00000000 1.0000
0.04105573 0.95894427 0.00000000 1.0000
0.91788854 0.91788854 0.00000000 1.0000
0.83142107 0.92670913 0.00000000 1.0000
0.73776914 0.91990610 0.00000000 1.0000
0.67074175 0.96178111 0.00000000 1.0000
0.56360682 0.89419124 0.00000000 1.0000
0.49871591 1.00402883 0.00000000 1.0000
0.43861556 0.89414927 0.00000000 1.0000
0.32785760 0.96181964 0.00000000 1.0000
0.26281032 0.91989534 0.00000000 1.0000
0.16841816 0.92672057 0.00000000 1.0000
0.08211146 0.91788854 0.00000000 1.0000
0.87683282 0.87683282 0.00000000 1.0000
0.79960170 0.89006369 0.00000000 1.0000
0.71898844 0.87985915 0.00000000 1.0000
0.65182774 0.94267167 0.00000000 1.0000
0.56493309 0.84128686 0.00000000 1.0000
0.49910839 1.00604325 0.00000000 1.0000
0.43660872 0.84122390 0.00000000 1.0000
0.34720202 0.94272946 0.00000000 1.0000
0.28141158 0.87984300 0.00000000 1.0000
0.20028574 0.89008085 0.00000000 1.0000
0.12316718 0.87683282 0.00000000 1.0000
0.83577709 0.83577709 0.00000000 1.0000
0.76778232 0.85341825 0.00000000 1.0000
0.70020773 0.83981220 0.00000000 1.0000
0.63291373 0.92356223 0.00000000 1.0000
0.56625937 0.78838247 0.00000000 1.0000
0.49950086 1.00805766 0.00000000 1.0000
0.43460188 0.78829853 0.00000000 1.0000
0.36654645 0.92363928 0.00000000 1.0000
0.30001285 0.83979067 0.00000000 1.0000
0.23215332 0.85344114 0.00000000 1.0000
0.16422291 0.83577709 0.00000000 1.0000
0.79472136 0.79472136 0.00000000 1.0000
0.73596295 0.81677281 0.00000000 1.0000
0.68142703 0.79976525 0.00000000 1.0000
0.61399972 0.90445278 0.00000000 1.0000
0.56758564 0.73547809 0.00000000 1.0000
0.49989334 1.01007208 0.00000000 1.0000
0.43259503 0.73537316 0.00000000 1.0000
0.38589087 0.90454910 0.00000000 1.0000
0.31861411 0.79973834 0.00000000 1.0000
0.26402090 0.81680142 0.00000000 1.0000
0.20527864 0.79472136 0.00000000 1.0000
0.75366563 0.75366563 0.00000000 1.0000
0.70414357 0.78012738 0.00000000 1.0000
0.66264632 0.75971829 0.00000000 1.0000
0.59508570 0.88534334 0.00000000 1.0000
0.56891191 0.68257371 0.00000000 1.0000
0.50028582 1.01208650 0.00000000 1.0000
0.43058819 0.68244780 0.00000000 1.0000
0.40523529 0.88545892 0.00000000 1.0000
0.33721538 0.75968601 0.00000000 1.0000
0.29588848 0.78016171 0.00000000 1.0000
0.24633437 0.75366563 0.00000000 1.0000
0.71260990 0.71260990 0.00000000 1.0000
0.67232419 0.74348194 0.00000000 1.0000
0.64386562 0.71967134 0.00000000 1.0000
0.57617169 0.86623390 0.00000000 1.0000
0.57023818 0.62966933 0.00000000 1.0000
0.50067829 1.01410091 0.00000000 1.0000
0.42858134 0.62952243 0.00000000 1.0000
0.42457971 0.86636874 0.00000000 1.0000
0.35581664 0.71963368 0.00000000 1.0000
0.32775606 0.74352199 0.00000000 1.0000
0.28739010 0.71260990 0.00000000 1.0000
0.67155418 0.67155418 0.00000000 1.0000
0.64050482 0.70683650 0.00000000 1.0000
0.62508491 0.67962439 0.00000000 1.0000
0.55725768 0.84712445 0.00000000 1.0000
0.57156446 0.57676495 0.00000000 1.0000
0.50107077 1.01611533 0.00000000 1.0000
0.42657450 0.57659706 0.00000000 1.0000
0.44392413 0.84727856 0.00000000 1.0000
0.37441791 0.67958134 0.00000000 1.0000
0.35962364 0.70688228 0.00000000 1.0000
0.32844582 0.67155418 0.00000000 1.0000
0.63049845 0.63049845 0.00000000 1.0000
0.60868544 0.67019107 0.00000000 1.0000
0.60630421 0.63957744 0.00000000 1.0000
0.53834367 0.82801501 0.00000000 1.0000
0.57289073 0.52386057 0.00000000 1.0000
0.50146325 1.01812974 0.00000000 1.0000
0.42456766 0.52367170 0.00000000 1.0000
0.46326855 0.82818838 0.00000000 1.0000
0.39301917 0.63952901 0.00000000 1.0000
0.39149122 0.67024256 0.00000000 1.0000
0.36950155 0.63049845 0.00000000 1.0000
0.58944272 0.58944272 0.00000000 1.0000
0.57686607 0.63354563 0.00000000 1.0000
0.58752350 0.59953049 0.00000000 1.0000
0.51942965 0.80890556 0.00000000 1.0000
0.57421700 0.47095618 0.00000000 1.0000
0.50185573 1.02014416 0.00000000 1.0000
0.42256081 0.47074633 0.00000000 1.0000
0.48261297 0.80909820 0.00000000 1.0000
0.41162044 0.59947668 0.00000000 1.0000
0.42335880 0.63360285 0.00000000 1.0000
0.41055728 0.58944272 0.00000000 1.0000
