22
0 0.00000000 0.00000000 0.00000000 0.00000000 0.00000000 0.00000000 0.00000000 0.00000000 0.00000000 0.00000000 1.00000000 1.00000000 1.00000000 1.00000000 1.00000000 1.00000000 1.00000000 1.00000000 1.00000000 1.00000000 1
22
0 0.00000000 0.00000000 0.00000000 0.00000000 0.00000000 0.00000000 0.00000000 0.00000000 0.00000000 0.00000000 1.00000000 1.00000000 1.00000000 1.00000000 1.00000000 1.00000000 1.00000000 1.00000000 1.00000000 1.00000000 1
121
1.00000000 0.00000000 0.00000000 1.0000
1.00000000 0.09967148 0.00000000 1.0000
1.00000000 0.19798580 0.00000000 1.0000
1.00000000 0.29761489 0.00000000 1.0000
1.00000000 0.39678397 0.00000000 1.0000
1.00000000 0.49604340 0.00000000 1.0000
1.00000000 0.59653212 0.00000000 1.0000
1.00000000 0.69633857 0.00000000 1.0000
1.00000000 0.79730890 0.00000000 1.0000
1.00000000 0.89830903 0.00000000 1.0000
1.00000000 1.00000000 0.00000000 1.0000
0.96290477 0.03709523 0.00000000 1.0000
0.96339110 0.12886034 0.00000000 1.0000
0.96339491 0.21955966 0.00000000 1.0000
0.96317406 0.31129676 0.00000000 1.0000
0.96275084 0.40267301 0.00000000 1.0000
0.96210279 0.49409567 0.00000000 1.0000
0.96144806 0.58651401 0.00000000 1.0000
0.96051197 0.67835961 0.00000000 1.0000
0.95958004 0.77113924 0.00000000 1.0000
0.95846485 0.86392604 0.00000000 1.0000
0.95725568 0.95725568 0.00000000 1.0000
0.92580955 0.07419045 0.00000000 1.0000
0.92678220 0.15804921 0.00000000 1.0000
0.92678983 0.24113352 0.00000000 1.0000
0.92634811 0.32497862 0.00000000 1.0000
0.92550168 0.40856204 0.00000000 1.0000
0.92420558 0.49214793 0.00000000 1.0000
0.92289612 0.57649589 0.00000000 1.0000
0.92102395 0.66038066 0.00000000 1.0000
0.91916009 0.74496958 0.00000000 1.0000
0.91692970 0.82954305 0.00000000 1.0000
0.91451136 0.91451136 0.00000000 1.0000
0.88871432 0.11128568 0.00000000 1.0000
0.89017330 0.18723807 0.00000000 1.0000
0.89018474 0.26270738 0.00000000 1.0000
0.88952217 0.33866048 0.00000000 1.0000
0.88825252 0.41445107 0.00000000 1.0000
0.88630837 0.49020020 0.00000000 1.0000
0.88434418 0.56647778 0.00000000 1.0000
0.88153592 0.64240170 0.00000000 1.0000
0.87874013 0.71879992 0.00000000 1.0000
0.87539455 0.79516006 0.00000000 1.0000
0.87176704 0.87176704 0.00000000 1.0000
0.85161909 0.14838091 0.00000000 1.0000
0.85356439 0.21642694 0.00000000 1.0000
0.85357966 0.28428123 0.00000000 1.0000
0.85269623 0.35234234 0.00000000 1.0000
0.85100336 0.42034010 0.00000000 1.0000
0.84841116 0.48825247 0.00000000 1.0000
0.84579224 0.55645966 0.00000000 1.0000
0.84204789 0.62442275 0.00000000 1.0000
0.83832017 0.69263026 0.00000000 1.0000
0.83385940 0.76077707 0.00000000 1.0000
0.82902272 0.82902272 0.00000000 1.0000
0.81452387 0.18547613 0.00000000 1.0000
0.81695549 0.24561580 0.00000000 1.0000
0.81697457 0.30585509 0.00000000 1.0000
0.81587029 0.36602421 0.00000000 1.0000
0.81375420 0.42622913 0.00000000 1.0000
0.81051396 0.48630474 0.00000000 1.0000
0.80724030 0.54644155 0.00000000 1.0000
0.80255987 0.60644380 0.00000000 1.0000
0.79790022 0.66646060 0.00000000 1.0000
0.79232425 0.72639408 0.00000000 1.0000
0.78627840 0.78627840 0.00000000 1.0000
0.77742864 0.22257136 0.00000000 1.0000
0.78034659 0.27480467 0.00000000 1.0000
0.78036948 0.32742895 0.00000000 1.0000
0.77904434 0.37970607 0.00000000 1.0000
0.77650504 0.43211817 0.00000000 1.0000
0.77261675 0.48435700 0.00000000 1.0000
0.76868836 0.53642343 0.00000000 1.0000
0.76307184 0.58846484 0.00000000 1.0000
0.75748026 0.64029094 0.00000000 1.0000
0.75078910 0.69201109 0.00000000 1.0000
0.74353409 0.74353409 0.00000000 1.0000
0.74033341 0.25966659 0.00000000 1.0000
0.74373769 0.30399354 0.00000000 1.0000
0.74376440 0.34900281 0.00000000 1.0000
0.74221840 0.39338793 0.00000000 1.0000
0.73925588 0.43800720 0.00000000 1.0000
0.73471954 0.48240927 0.00000000 1.0000
0.73013642 0.52640532 0.00000000 1.0000
0.72358381 0.57048589 0.00000000 1.0000
0.71706031 0.61412128 0.00000000 1.0000
0.70925395 0.65762810 0.00000000 1.0000
0.70078977 0.70078977 0.00000000 1.0000
0.70323819 0.29676181 0.00000000 1.0000
0.70712879 0.33318240 0.00000000 1.0000
0.70715931 0.37057666 0.00000000 1.0000
0.70539246 0.40706979 0.00000000 1.0000
0.70200672 0.44389623 0.00000000 1.0000
0.69682233 0.48046154 0.00000000 1.0000
0.69158448 0.51638720 0.00000000 1.0000
0.68409579 0.55250693 0.00000000 1.0000
0.67664035 0.58795162 0.00000000 1.0000
0.66771880 0.62324511 0.00000000 1.0000
0.65804545 0.65804545 0.00000000 1.0000
0.66614296 0.33385704 0.00000000 1.0000
0.67051989 0.36237127 0.00000000 1.0000
0.67055422 0.39215052 0.00000000 1.0000
0.66856652 0.42075166 0.00000000 1.0000
0.66475756 0.44978526 0.00000000 1.0000
0.65892512 0.47851381 0.00000000 1.0000
0.65303254 0.50636909 0.00000000 1.0000
0.64460776 0.53452798 0.00000000 1.0000
0.63622039 0.56178196 0.00000000 1.0000
0.62618365 0.58886212 0.00000000 1.0000
0.61530113 0.61530113 0.00000000 1.0000
0.62904773 0.37095227 0.00000000 1.0000
0.63391099 0.39156013 0.00000000 1.0000
0.63394914 0.41372438 0.00000000 1.0000
0.63174057 0.43443352 0.00000000 1.0000
0.62750839 0.45567429 0.00000000 1.0000
0.62102791 0.47656607 0.00000000 1.0000
0.61448060 0.49635097 0.00000000 1.0000
0.60511973 0.51654902 0.00000000 1.0000
0.59580044 0.53561230 0.00000000 1.0000
0.58464850 0.55447913 0.00000000 1.0000
0.57255681 0.57255681 0.00000000 1.0000
