22
0 0.00000000 0.00000000 0.00000000 0.00000000 0.00000000 0.00000000 0.00000000 0.00000000 0.00000000 0.00000000 1.00000000 1.00000000 1.00000000 1.00000000 1.00000000 1.00000000 1.00000000 1.00000000 1.00000000 1.00000000 1
22
0 0.00000000 0.00000000 0.00000000 0.00000000 0.00000000 0.00000000 0.00000000 0.00000000 0.00000000 0.00000000 1.00000000 1.00000000 1.00000000 1.00000000 1.00000000 1.00000000 1.00000000 1.00000000 1.00000000 1.00000000 1
121
1.00000000 0.00000000 0.00000000 1.0000
1.00000000 0.10027319 0.00000000 1.0000
1.00000000 0.20039176 0.00000000 1.0000
1.00000000 0.30023124 0.00000000 1.0000
1.00000000 0.40013370 0.00000000 1.0000
1.00000000 0.49999836 0.00000000 1.0000
1.00000000 0.59986060 0.00000000 1.0000
1.00000000 0.69976526 0.00000000 1.0000
1.00000000 0.79960595 0.00000000 1.0000
1.00000000 0.89972571 0.00000000 1.0000
1.00000000 1.00000000 0.00000000 1.0000
0.95894427 0.04105573 0.00000000 1.0000
0.95938470 0.13305759 0.00000000 1.0000
0.95970212 0.22493957 0.00000000 1.0000
0.95996366 0.31660174 0.00000000 1.0000
0.96000571 0.40831459 0.00000000 1.0000
0.96019033 0.49999858 0.00000000 1.0000
0.96000568 0.59168103 0.00000000 1.0000
0.95996360 0.68339533 0.00000000 1.0000
0.95970209 0.77505866 0.00000000 1.0000
0.95938467 0.86694152 0.00000000 1.0000
0.95894427 0.95894427 0.00000000 1.0000
0.91788854 0.08211146 0.00000000 1.0000
0.91876940 0.16584199 0.00000000 1.0000
0.91940423 0.24948737 0.00000000 1.0000
0.91992732 0.33297225 0.00000000 1.0000
0.92001142 0.41649548 0.00000000 1.0000
0.92038065 0.49999881 0.00000000 1.0000
0.92001136 0.58350147 0.00000000 1.0000
0.91992721 0.66702540 0.00000000 1.0000
0.91940417 0.75051137 0.00000000 1.0000
0.91876934 0.83415732 0.00000000 1.0000
0.91788854 0.91788854 0.00000000 1.0000
0.87683282 0.12316718 0.00000000 1.0000
0.87815410 0.19862639 0.00000000 1.0000
0.87910635 0.27403518 0.00000000 1.0000
0.87989098 0.34934276 0.00000000 1.0000
0.88001713 0.42467637 0.00000000 1.0000
0.88057098 0.49999903 0.00000000 1.0000
0.88001704 0.57532190 0.00000000 1.0000
0.87989081 0.65065546 0.00000000 1.0000
0.87910626 0.72596408 0.00000000 1.0000
0.87815401 0.80137313 0.00000000 1.0000
0.87683282 0.87683282 0.00000000 1.0000
0.83577709 0.16422291 0.00000000 1.0000
0.83753880 0.23141078 0.00000000 1.0000
0.83880847 0.29858298 0.00000000 1.0000
0.83985464 0.36571326 0.00000000 1.0000
0.84002284 0.43285726 0.00000000 1.0000
0.84076131 0.49999925 0.00000000 1.0000
0.84002272 0.56714234 0.00000000 1.0000
0.83985441 0.63428553 0.00000000 1.0000
0.83880835 0.70141679 0.00000000 1.0000
0.83753868 0.76858894 0.00000000 1.0000
0.83577709 0.83577709 0.00000000 1.0000
0.79472136 0.20527864 0.00000000 1.0000
0.79692350 0.26419518 0.00000000 1.0000
0.79851058 0.32313079 0.00000000 1.0000
0.79981830 0.38208377 0.00000000 1.0000
0.80002855 0.44103815 0.00000000 1.0000
0.80095163 0.49999947 0.00000000 1.0000
0.80002840 0.55896277 0.00000000 1.0000
0.79981802 0.61791560 0.00000000 1.0000
0.79851044 0.67686950 0.00000000 1.0000
0.79692335 0.73580474 0.00000000 1.0000
0.79472136 0.79472136 0.00000000 1.0000
0.75366563 0.24633437 0.00000000 1.0000
0.75630819 0.29697958 0.00000000 1.0000
0.75821270 0.34767859 0.00000000 1.0000
0.75978196 0.39845428 0.00000000 1.0000
0.76003426 0.44921904 0.00000000 1.0000
0.76114196 0.49999969 0.00000000 1.0000
0.76003408 0.55078321 0.00000000 1.0000
0.75978162 0.60154567 0.00000000 1.0000
0.75821252 0.65232220 0.00000000 1.0000
0.75630802 0.70302055 0.00000000 1.0000
0.75366563 0.75366563 0.00000000 1.0000
0.71260990 0.28739010 0.00000000 1.0000
0.71569289 0.32976398 0.00000000 1.0000
0.71791481 0.37222640 0.00000000 1.0000
0.71974562 0.41482478 0.00000000 1.0000
0.72003997 0.45739993 0.00000000 1.0000
0.72133228 0.49999992 0.00000000 1.0000
0.72003976 0.54260364 0.00000000 1.0000
0.71974522 0.58517574 0.00000000 1.0000
0.71791461 0.62777491 0.00000000 1.0000
0.71569269 0.67023635 0.00000000 1.0000
0.71260990 0.71260990 0.00000000 1.0000
0.67155418 0.32844582 0.00000000 1.0000
0.67507759 0.36254838 0.00000000 1.0000
0.67761693 0.39677421 0.00000000 1.0000
0.67970928 0.43119529 0.00000000 1.0000
0.68004568 0.46558082 0.00000000 1.0000
0.68152261 0.50000014 0.00000000 1.0000
0.68004544 0.53442408 0.00000000 1.0000
0.67970883 0.56880581 0.00000000 1.0000
0.67761670 0.60322762 0.00000000 1.0000
0.67507736 0.63745216 0.00000000 1.0000
0.67155418 0.67155418 0.00000000 1.0000
0.63049845 0.36950155 0.00000000 1.0000
0.63446229 0.39533278 0.00000000 1.0000
0.63731905 0.42132201 0.00000000 1.0000
0.63967294 0.44756580 0.00000000 1.0000
0.64005139 0.47376171 0.00000000 1.0000
0.64171294 0.50000036 0.00000000 1.0000
0.64005112 0.52624451 0.00000000 1.0000
0.63967243 0.55243588 0.00000000 1.0000
0.63731878 0.57868033 0.00000000 1.0000
0.63446203 0.60466796 0.00000000 1.0000
0.63049845 0.63049845 0.00000000 1.0000
0.58944272 0.41055728 0.00000000 1.0000
0.59384699 0.42811718 0.00000000 1.0000
0.59702116 0.44586982 0.00000000 1.0000
0.59963660 0.46393630 0.00000000 1.0000
0.60005710 0.48194261 0.00000000 1.0000
0.60190326 0.50000058 0.00000000 1.0000
0.60005680 0.51806495 0.00000000 1.0000
0.59963603 0.53606594 0.00000000 1.0000
0.59702087 0.55413304 0.00000000 1.0000
0.59384670 0.57188377 0.00000000 1.0000
0.58944272 0.58944272 0.00000000 1.0000
