22
0 0.00000000 0.00000000 0.00000000 0.00000000 0.00000000 0.00000000 0.00000000 0.00000000 0.00000000 0.00000000 1.00000000 1.00000000 1.00000000 1.00000000 1.00000000 1.00000000 1.00000000 1.00000000 1.00000000 1.00000000 1
22
0 0.00000000 0.00000000 0.00000000 0.00000000 0.00000000 0.00000000 0.00000000 0.00000000 0.00000000 0.00000000 1.00000000 1.00000000 1.00000000 1.00000000 1.00000000 1.00000000 1.00000000 1.00000000 1.00000000 1.00000000 1
121
0.00000000 1.00000000 0.00000000 1.0000
0.00000000 0.89831813 0.00000000 1.0000
0.00000000 0.79722049 0.00000000 1.0000
0.00000000 0.69635682 0.00000000 1.0000
0.00000000 0.59663669 0.00000000 1.0000
0.00000000 0.49590695 0.00000000 1.0000
0.00000000 0.39691225 0.00000000 1.0000
0.00000000 0.29751990 0.00000000 1.0000
0.00000000 0.19806191 0.00000000 1.0000
0.00000000 0.09966019 0.00000000 1.0000
0.00000000 0.00000000 0.00000000 1.0000
0.04274432 0.95725568 0.00000000 1.0000
0.04153565 0.86393327 0.00000000 1.0000
0.04042080 0.77106838 0.00000000 1.0000
0.03949614 0.67837369 0.00000000 1.0000
0.03853076 0.58659918 0.00000000 1.0000
0.03792354 0.49398449 0.00000000 1.0000
0.03722678 0.40277737 0.00000000 1.0000
0.03683917 0.31121969 0.00000000 1.0000
0.03659940 0.21962099 0.00000000 1.0000
0.03661038 0.12885121 0.00000000 1.0000
0.03709523 0.03709523 0.00000000 1.0000
0.08548864 0.91451136 0.00000000 1.0000
0.08307129 0.82954842 0.00000000 1.0000
0.08084161 0.74491627 0.00000000 1.0000
0.07899227 0.66039055 0.00000000 1.0000
0.07706151 0.57656168 0.00000000 1.0000
0.07584709 0.49206203 0.00000000 1.0000
0.07445355 0.40864250 0.00000000 1.0000
0.07367835 0.32491949 0.00000000 1.0000
0.07319880 0.24118007 0.00000000 1.0000
0.07322076 0.15804223 0.00000000 1.0000
0.07419045 0.07419045 0.00000000 1.0000
0.12823296 0.87176704 0.00000000 1.0000
0.12460694 0.79516356 0.00000000 1.0000
0.12126241 0.71876416 0.00000000 1.0000
0.11848841 0.64240742 0.00000000 1.0000
0.11559227 0.56652417 0.00000000 1.0000
0.11377063 0.49013957 0.00000000 1.0000
0.11168033 0.41450762 0.00000000 1.0000
0.11051752 0.33861928 0.00000000 1.0000
0.10979820 0.26273915 0.00000000 1.0000
0.10983115 0.18723324 0.00000000 1.0000
0.11128568 0.11128568 0.00000000 1.0000
0.17097728 0.82902272 0.00000000 1.0000
0.16614258 0.76077870 0.00000000 1.0000
0.16168322 0.69261205 0.00000000 1.0000
0.15798455 0.62442429 0.00000000 1.0000
0.15412303 0.55648667 0.00000000 1.0000
0.15169418 0.48821711 0.00000000 1.0000
0.14890711 0.42037274 0.00000000 1.0000
0.14735669 0.35231908 0.00000000 1.0000
0.14639760 0.28429824 0.00000000 1.0000
0.14644153 0.21642426 0.00000000 1.0000
0.14838091 0.14838091 0.00000000 1.0000
0.21372160 0.78627840 0.00000000 1.0000
0.20767823 0.72639384 0.00000000 1.0000
0.20210402 0.66645995 0.00000000 1.0000
0.19748068 0.60644115 0.00000000 1.0000
0.19265378 0.54644916 0.00000000 1.0000
0.18961772 0.48629465 0.00000000 1.0000
0.18613389 0.42623787 0.00000000 1.0000
0.18419587 0.36601888 0.00000000 1.0000
0.18299700 0.30585732 0.00000000 1.0000
0.18305191 0.24561527 0.00000000 1.0000
0.18547613 0.18547613 0.00000000 1.0000
0.25646591 0.74353409 0.00000000 1.0000
0.24921387 0.69200898 0.00000000 1.0000
0.24252482 0.64030784 0.00000000 1.0000
0.23697682 0.58845802 0.00000000 1.0000
0.23118454 0.53641165 0.00000000 1.0000
0.22754127 0.48437218 0.00000000 1.0000
0.22336066 0.43210299 0.00000000 1.0000
0.22103504 0.37971867 0.00000000 1.0000
0.21959640 0.32741640 0.00000000 1.0000
0.21966229 0.27480629 0.00000000 1.0000
0.22257136 0.22257136 0.00000000 1.0000
0.29921023 0.70078977 0.00000000 1.0000
0.29074952 0.65762413 0.00000000 1.0000
0.28294563 0.61415573 0.00000000 1.0000
0.27647296 0.57047489 0.00000000 1.0000
0.26971530 0.52637415 0.00000000 1.0000
0.26546481 0.48244972 0.00000000 1.0000
0.26058744 0.43796812 0.00000000 1.0000
0.25787421 0.39341847 0.00000000 1.0000
0.25619580 0.34897548 0.00000000 1.0000
0.25627267 0.30399730 0.00000000 1.0000
0.25966659 0.25966659 0.00000000 1.0000
0.34195455 0.65804545 0.00000000 1.0000
0.33228517 0.62323927 0.00000000 1.0000
0.32336643 0.58800362 0.00000000 1.0000
0.31596909 0.55249176 0.00000000 1.0000
0.30824606 0.51633664 0.00000000 1.0000
0.30338835 0.48052726 0.00000000 1.0000
0.29781422 0.44383324 0.00000000 1.0000
0.29471339 0.40711826 0.00000000 1.0000
0.29279520 0.37053456 0.00000000 1.0000
0.29288305 0.33318832 0.00000000 1.0000
0.29676181 0.29676181 0.00000000 1.0000
0.38469887 0.61530113 0.00000000 1.0000
0.37382081 0.58885441 0.00000000 1.0000
0.36378724 0.56185151 0.00000000 1.0000
0.35546523 0.53450862 0.00000000 1.0000
0.34677681 0.50629913 0.00000000 1.0000
0.34131190 0.47860480 0.00000000 1.0000
0.33504100 0.44969837 0.00000000 1.0000
0.33155256 0.42081806 0.00000000 1.0000
0.32939460 0.39209364 0.00000000 1.0000
0.32949344 0.36237934 0.00000000 1.0000
0.33385704 0.33385704 0.00000000 1.0000
0.42744319 0.57255681 0.00000000 1.0000
0.41535646 0.55446955 0.00000000 1.0000
0.40420804 0.53569940 0.00000000 1.0000
0.39496137 0.51652549 0.00000000 1.0000
0.38530757 0.49626163 0.00000000 1.0000
0.37923544 0.47668234 0.00000000 1.0000
0.37226777 0.45556349 0.00000000 1.0000
0.36839174 0.43451786 0.00000000 1.0000
0.36599400 0.41365272 0.00000000 1.0000
0.36610382 0.39157035 0.00000000 1.0000
0.37095227 0.37095227 0.00000000 1.0000
