22
0 0.00000000 0.00000000 0.00000000 0.00000000 0.00000000 0.00000000 0.00000000 0.00000000 0.00000000 0.00000000 1.00000000 1.00000000 1.00000000 1.00000000 1.00000000 1.00000000 1.00000000 1.00000000 1.00000000 1.00000000 1
22
0 0.00000000 0.00000000 0.00000000 0.00000000 0.00000000 0.00000000 0.00000000 0.00000000 0.00000000 0.00000000 1.00000000 1.00000000 1.00000000 1.00000000 1.00000000 1.00000000 1.00000000 1.00000000 1.00000000 1.00000000 1
121
1.00000000 0.00000000 0.00000000 1.0000
1.00000000 0.10494017 0.00000000 1.0000
1.00000000 0.22466945 0.00000000 1.0000
1.00000000 0.29143022 0.00000000 1.0000
1.00000000 0.43904572 0.00000000 1.0000
1.00000000 0.50206904 0.00000000 1.0000
1.00000000 0.55737075 0.00000000 1.0000
1.00000000 0.71083124 0.00000000 1.0000
1.00000000 0.77439221 0.00000000 1.0000
1.00000000 0.89531700 0.00000000 1.0000
1.00000000 1.00000000 0.00000000 1.0000
0.95894427 0.04105573 0.00000000 1.0000
0.96335456 0.13675955 0.00000000 1.0000
0.95995305 0.24345015 0.00000000 1.0000
0.98089056 0.31034423 0.00000000 1.0000
0.94709562 0.43771945 0.00000000 1.0000
1.00201442 0.50167657 0.00000000 1.0000
0.94707463 0.55937759 0.00000000 1.0000
0.98090982 0.69148682 0.00000000 1.0000
0.95994767 0.75579094 0.00000000 1.0000
0.96336028 0.86344942 0.00000000 1.0000
0.95894427 0.95894427 0.00000000 1.0000
0.91788854 0.08211146 0.00000000 1.0000
0.92670913 0.16857893 0.00000000 1.0000
0.91990610 0.26223086 0.00000000 1.0000
0.96178111 0.32925825 0.00000000 1.0000
0.89419124 0.43639318 0.00000000 1.0000
1.00402883 0.50128409 0.00000000 1.0000
0.89414927 0.56138444 0.00000000 1.0000
0.96181964 0.67214240 0.00000000 1.0000
0.91989534 0.73718968 0.00000000 1.0000
0.92672057 0.83158184 0.00000000 1.0000
0.91788854 0.91788854 0.00000000 1.0000
0.87683282 0.12316718 0.00000000 1.0000
0.89006369 0.20039830 0.00000000 1.0000
0.87985915 0.28101156 0.00000000 1.0000
0.94267167 0.34817226 0.00000000 1.0000
0.84128686 0.43506691 0.00000000 1.0000
1.00604325 0.50089161 0.00000000 1.0000
0.84122390 0.56339128 0.00000000 1.0000
0.94272946 0.65279798 0.00000000 1.0000
0.87984300 0.71858842 0.00000000 1.0000
0.89008085 0.79971426 0.00000000 1.0000
0.87683282 0.87683282 0.00000000 1.0000
0.83577709 0.16422291 0.00000000 1.0000
0.85341825 0.23221768 0.00000000 1.0000
0.83981220 0.29979227 0.00000000 1.0000
0.92356223 0.36708627 0.00000000 1.0000
0.78838247 0.43374063 0.00000000 1.0000
1.00805766 0.50049914 0.00000000 1.0000
0.78829853 0.56539812 0.00000000 1.0000
0.92363928 0.63345355 0.00000000 1.0000
0.83979067 0.69998715 0.00000000 1.0000
0.85344114 0.76784668 0.00000000 1.0000
0.83577709 0.83577709 0.00000000 1.0000
0.79472136 0.20527864 0.00000000 1.0000
0.81677281 0.26403705 0.00000000 1.0000
0.79976525 0.31857297 0.00000000 1.0000
0.90445278 0.38600028 0.00000000 1.0000
0.73547809 0.43241436 0.00000000 1.0000
1.01007208 0.50010666 0.00000000 1.0000
0.73537316 0.56740497 0.00000000 1.0000
0.90454910 0.61410913 0.00000000 1.0000
0.79973834 0.68138589 0.00000000 1.0000
0.81680142 0.73597910 0.00000000 1.0000
0.79472136 0.79472136 0.00000000 1.0000
0.75366563 0.24633437 0.00000000 1.0000
0.78012738 0.29585643 0.00000000 1.0000
0.75971829 0.33735368 0.00000000 1.0000
0.88534334 0.40491430 0.00000000 1.0000
0.68257371 0.43108809 0.00000000 1.0000
1.01208650 0.49971418 0.00000000 1.0000
0.68244780 0.56941181 0.00000000 1.0000
0.88545892 0.59476471 0.00000000 1.0000
0.75968601 0.66278462 0.00000000 1.0000
0.78016171 0.70411152 0.00000000 1.0000
0.75366563 0.75366563 0.00000000 1.0000
0.71260990 0.28739010 0.00000000 1.0000
0.74348194 0.32767581 0.00000000 1.0000
0.71967134 0.35613438 0.00000000 1.0000
0.86623390 0.42382831 0.00000000 1.0000
0.62966933 0.42976182 0.00000000 1.0000
1.01410091 0.49932171 0.00000000 1.0000
0.62952243 0.57141866 0.00000000 1.0000
0.86636874 0.57542029 0.00000000 1.0000
0.71963368 0.64418336 0.00000000 1.0000
0.74352199 0.67224394 0.00000000 1.0000
0.71260990 0.71260990 0.00000000 1.0000
0.67155418 0.32844582 0.00000000 1.0000
0.70683650 0.35949518 0.00000000 1.0000
0.67962439 0.37491509 0.00000000 1.0000
0.84712445 0.44274232 0.00000000 1.0000
0.57676495 0.42843554 0.00000000 1.0000
1.01611533 0.49892923 0.00000000 1.0000
0.57659706 0.57342550 0.00000000 1.0000
0.84727856 0.55607587 0.00000000 1.0000
0.67958134 0.62558209 0.00000000 1.0000
0.70688228 0.64037636 0.00000000 1.0000
0.67155418 0.67155418 0.00000000 1.0000
0.63049845 0.36950155 0.00000000 1.0000
0.67019107 0.39131456 0.00000000 1.0000
0.63957744 0.39369579 0.00000000 1.0000
0.82801501 0.46165633 0.00000000 1.0000
0.52386057 0.42710927 0.00000000 1.0000
1.01812974 0.49853675 0.00000000 1.0000
0.52367170 0.57543234 0.00000000 1.0000
0.82818838 0.53673145 0.00000000 1.0000
0.63952901 0.60698083 0.00000000 1.0000
0.67024256 0.60850878 0.00000000 1.0000
0.63049845 0.63049845 0.00000000 1.0000
0.58944272 0.41055728 0.00000000 1.0000
0.63354563 0.42313393 0.00000000 1.0000
0.59953049 0.41247650 0.00000000 1.0000
0.80890556 0.48057035 0.00000000 1.0000
0.47095618 0.42578300 0.00000000 1.0000
1.02014416 0.49814427 0.00000000 1.0000
0.47074633 0.57743919 0.00000000 1.0000
0.80909820 0.51738703 0.00000000 1.0000
0.59947668 0.58837956 0.00000000 1.0000
0.63360285 0.57664120 0.00000000 1.0000
0.58944272 0.58944272 0.00000000 1.0000
