22
0 0.00000000 0.00000000 0.00000000 0.00000000 0.00000000 0.00000000 0.00000000 0.00000000 0.00000000 0.00000000 1.00000000 1.00000000 1.00000000 1.00000000 1.00000000 1.00000000 1.00000000 1.00000000 1.00000000 1.00000000 1
22
0 0.00000000 0.00000000 0.00000000 0.00000000 0.00000000 0.00000000 0.00000000 0.00000000 0.00000000 0.00000000 1.00000000 1.00000000 1.00000000 1.00000000 1.00000000 1.00000000 1.00000000 1.00000000 1.00000000 1.00000000 1
121
0.00000000 0.00000000 0.00000000 1.0000
0.20187599 0.00000000 0.00000000 1.0000
0.40409417 0.00000000 0.00000000 1.0000
0.60215245 0.00000000 0.00000000 1.0000
0.80517498 0.00000000 0.00000000 1.0000
1.00001317 0.00000000 0.00000000 1.0000
1.19477691 0.00000000 0.00000000 1.0000
1.39791990 0.00000000 0.00000000 1.0000
1.59586265 0.00000000 0.00000000 1.0000
1.79812845 0.00000000 0.00000000 1.0000
2.00000000 0.00000000 0.00000000 1.0000
0.09678401 0.04234300 0.00000000 1.0000
0.27892300 0.04153676 0.00000000 1.0000
0.46132976 0.04129386 0.00000000 1.0000
0.64043401 0.03949887 0.00000000 1.0000
0.82347067 0.04136644 0.00000000 1.0000
1.00001175 0.03759298 0.00000000 1.0000
1.17648872 0.04137806 0.00000000 1.0000
1.35962524 0.03948460 0.00000000 1.0000
1.53863511 0.04130162 0.00000000 1.0000
1.72108067 0.04153559 0.00000000 1.0000
1.90321599 0.04234300 0.00000000 1.0000
0.19356802 0.08468601 0.00000000 1.0000
0.35597001 0.08307352 0.00000000 1.0000
0.51856535 0.08258772 0.00000000 1.0000
0.67871557 0.07899774 0.00000000 1.0000
0.84176636 0.08273289 0.00000000 1.0000
1.00001033 0.07518597 0.00000000 1.0000
1.15820053 0.08275612 0.00000000 1.0000
1.32133059 0.07896919 0.00000000 1.0000
1.48140756 0.08260324 0.00000000 1.0000
1.64403288 0.08307119 0.00000000 1.0000
1.80643198 0.08468601 0.00000000 1.0000
0.29035203 0.12702901 0.00000000 1.0000
0.43301702 0.12461028 0.00000000 1.0000
0.57580094 0.12388158 0.00000000 1.0000
0.71699713 0.11849661 0.00000000 1.0000
0.86006206 0.12409933 0.00000000 1.0000
1.00000891 0.11277895 0.00000000 1.0000
1.13991233 0.12413418 0.00000000 1.0000
1.28303593 0.11845379 0.00000000 1.0000
1.42418002 0.12390486 0.00000000 1.0000
1.56698510 0.12460678 0.00000000 1.0000
1.70964797 0.12702901 0.00000000 1.0000
0.38713603 0.16937201 0.00000000 1.0000
0.51006403 0.16614704 0.00000000 1.0000
0.63303653 0.16517545 0.00000000 1.0000
0.75527869 0.15799548 0.00000000 1.0000
0.87835775 0.16546578 0.00000000 1.0000
1.00000750 0.15037194 0.00000000 1.0000
1.12162414 0.16551224 0.00000000 1.0000
1.24474127 0.15793839 0.00000000 1.0000
1.36695247 0.16520647 0.00000000 1.0000
1.48993731 0.16614238 0.00000000 1.0000
1.61286397 0.16937201 0.00000000 1.0000
0.48392004 0.21171502 0.00000000 1.0000
0.58711104 0.20768379 0.00000000 1.0000
0.69027212 0.20646931 0.00000000 1.0000
0.79356026 0.19749435 0.00000000 1.0000
0.89665344 0.20683222 0.00000000 1.0000
1.00000608 0.18796492 0.00000000 1.0000
1.10333595 0.20689030 0.00000000 1.0000
1.20644661 0.19742298 0.00000000 1.0000
1.30972493 0.20650809 0.00000000 1.0000
1.41288953 0.20767797 0.00000000 1.0000
1.51607996 0.21171502 0.00000000 1.0000
0.58070405 0.25405802 0.00000000 1.0000
0.66415805 0.24922055 0.00000000 1.0000
0.74750771 0.24776317 0.00000000 1.0000
0.83184182 0.23699322 0.00000000 1.0000
0.91494914 0.24819867 0.00000000 1.0000
1.00000466 0.22555790 0.00000000 1.0000
1.08504775 0.24826836 0.00000000 1.0000
1.16815195 0.23690758 0.00000000 1.0000
1.25249738 0.24780971 0.00000000 1.0000
1.33584174 0.24921357 0.00000000 1.0000
1.41929595 0.25405802 0.00000000 1.0000
0.67748806 0.29640103 0.00000000 1.0000
0.74120506 0.29075731 0.00000000 1.0000
0.80474330 0.28905703 0.00000000 1.0000
0.87012338 0.27649209 0.00000000 1.0000
0.93324483 0.28956511 0.00000000 1.0000
1.00000324 0.26315089 0.00000000 1.0000
1.06675956 0.28964642 0.00000000 1.0000
1.12985729 0.27639218 0.00000000 1.0000
1.19526984 0.28911133 0.00000000 1.0000
1.25879396 0.29074916 0.00000000 1.0000
1.32251194 0.29640103 0.00000000 1.0000
0.77427207 0.33874403 0.00000000 1.0000
0.81825206 0.33229407 0.00000000 1.0000
0.86197889 0.33035089 0.00000000 1.0000
0.90840494 0.31599096 0.00000000 1.0000
0.95154053 0.33093155 0.00000000 1.0000
1.00000182 0.30074387 0.00000000 1.0000
1.04847137 0.33102448 0.00000000 1.0000
1.09156264 0.31587677 0.00000000 1.0000
1.13804229 0.33041295 0.00000000 1.0000
1.18174617 0.33228476 0.00000000 1.0000
1.22572793 0.33874403 0.00000000 1.0000
0.87105608 0.38108703 0.00000000 1.0000
0.89529907 0.37383083 0.00000000 1.0000
0.91921448 0.37164475 0.00000000 1.0000
0.94668650 0.35548983 0.00000000 1.0000
0.96983622 0.37229800 0.00000000 1.0000
1.00000040 0.33833686 0.00000000 1.0000
1.03018317 0.37240254 0.00000000 1.0000
1.05326798 0.35536137 0.00000000 1.0000
1.08081475 0.37171457 0.00000000 1.0000
1.10469839 0.37382035 0.00000000 1.0000
1.12894392 0.38108703 0.00000000 1.0000
0.96784008 0.42343004 0.00000000 1.0000
0.97234608 0.41536759 0.00000000 1.0000
0.97645007 0.41293861 0.00000000 1.0000
0.98496806 0.39498870 0.00000000 1.0000
0.98813191 0.41366444 0.00000000 1.0000
0.99999898 0.37592984 0.00000000 1.0000
1.01189498 0.41378060 0.00000000 1.0000
1.01497332 0.39484597 0.00000000 1.0000
1.02358720 0.41301619 0.00000000 1.0000
1.02765060 0.41535595 0.00000000 1.0000
1.03215992 0.42343004 0.00000000 1.0000
