22
0 0.00000000 0.00000000 0.00000000 0.00000000 0.00000000 0.00000000 0.00000000 0.00000000 0.00000000 0.00000000 1.00000000 1.00000000 1.00000000 1.00000000 1.00000000 1.00000000 1.00000000 1.00000000 1.00000000 1.00000000 1
22
0 0.00000000 0.00000000 0.00000000 0.00000000 0.00000000 0.00000000 0.00000000 0.00000000 0.00000000 0.00000000 1.00000000 1.00000000 1.00000000 1.00000000 1.00000000 1.00000000 1.00000000 1.00000000 1.00000000 1.00000000 1
121
0.00000000 0.00000000 0.00000000 1.0000
0.15223776 0.00000000 0.00000000 1.0000
0.30169675 0.00000000 0.00000000 1.0000
0.45333531 0.00000000 0.00000000 1.0000
0.59887214 0.00000000 0.00000000 1.0000
0.75231916 0.00000000 0.00000000 1.0000
0.89715341 0.00000000 0.00000000 1.0000
1.04911470 0.00000000 0.00000000 1.0000
1.19727660 0.00000000 0.00000000 1.0000
1.34800066 0.00000000 0.00000000 1.0000
1.50000000 0.00000000 0.00000000 1.0000
0.06439340 0.04292893 0.00000000 1.0000
0.20327280 0.04168047 0.00000000 1.0000
0.33995483 0.04075439 0.00000000 1.0000
0.47839486 0.04021752 0.00000000 1.0000
0.61195850 0.03975398 0.00000000 1.0000
0.75185582 0.03977311 0.00000000 1.0000
0.88486108 0.03976326 0.00000000 1.0000
1.02356569 0.04020712 0.00000000 1.0000
1.15922363 0.04075983 0.00000000 1.0000
1.29691797 0.04167944 0.00000000 1.0000
1.43560660 0.04292893 0.00000000 1.0000
0.12878680 0.08585786 0.00000000 1.0000
0.25430783 0.08336095 0.00000000 1.0000
0.37821291 0.08150879 0.00000000 1.0000
0.50345440 0.08043504 0.00000000 1.0000
0.62504486 0.07950797 0.00000000 1.0000
0.75139248 0.07954623 0.00000000 1.0000
0.87256875 0.07952651 0.00000000 1.0000
0.99801667 0.08041425 0.00000000 1.0000
1.12117067 0.08151967 0.00000000 1.0000
1.24583527 0.08335889 0.00000000 1.0000
1.37121320 0.08585786 0.00000000 1.0000
0.19318019 0.12878680 0.00000000 1.0000
0.30534286 0.12504142 0.00000000 1.0000
0.41647100 0.12226318 0.00000000 1.0000
0.52851395 0.12065256 0.00000000 1.0000
0.63813122 0.11926195 0.00000000 1.0000
0.75092914 0.11931934 0.00000000 1.0000
0.86027642 0.11928977 0.00000000 1.0000
0.97246766 0.12062137 0.00000000 1.0000
1.08311770 0.12227950 0.00000000 1.0000
1.19475258 0.12503833 0.00000000 1.0000
1.30681981 0.12878680 0.00000000 1.0000
0.25757359 0.17171573 0.00000000 1.0000
0.35637789 0.16672189 0.00000000 1.0000
0.45472908 0.16301758 0.00000000 1.0000
0.55357350 0.16087009 0.00000000 1.0000
0.65121758 0.15901593 0.00000000 1.0000
0.75046580 0.15909246 0.00000000 1.0000
0.84798409 0.15905303 0.00000000 1.0000
0.94691865 0.16082850 0.00000000 1.0000
1.04506473 0.16303934 0.00000000 1.0000
1.14366988 0.16671777 0.00000000 1.0000
1.24242641 0.17171573 0.00000000 1.0000
0.32196699 0.21464466 0.00000000 1.0000
0.40741293 0.20840237 0.00000000 1.0000
0.49298716 0.20377197 0.00000000 1.0000
0.57863304 0.20108761 0.00000000 1.0000
0.66430394 0.19876992 0.00000000 1.0000
0.75000246 0.19886557 0.00000000 1.0000
0.83569176 0.19881628 0.00000000 1.0000
0.92136963 0.20103562 0.00000000 1.0000
1.00701177 0.20379917 0.00000000 1.0000
1.09258719 0.20839722 0.00000000 1.0000
1.17803301 0.21464466 0.00000000 1.0000
0.38636039 0.25757359 0.00000000 1.0000
0.45844796 0.25008284 0.00000000 1.0000
0.53124524 0.24452637 0.00000000 1.0000
0.60369259 0.24130513 0.00000000 1.0000
0.67739030 0.23852390 0.00000000 1.0000
0.74953912 0.23863869 0.00000000 1.0000
0.82339943 0.23857954 0.00000000 1.0000
0.89582062 0.24124274 0.00000000 1.0000
0.96895880 0.24455901 0.00000000 1.0000
1.04150450 0.25007666 0.00000000 1.0000
1.11363961 0.25757359 0.00000000 1.0000
0.45075379 0.30050253 0.00000000 1.0000
0.50948299 0.29176331 0.00000000 1.0000
0.56950332 0.28528076 0.00000000 1.0000
0.62875213 0.28152265 0.00000000 1.0000
0.69047666 0.27827788 0.00000000 1.0000
0.74907578 0.27841180 0.00000000 1.0000
0.81110710 0.27834279 0.00000000 1.0000
0.87027160 0.28144987 0.00000000 1.0000
0.93090584 0.28531884 0.00000000 1.0000
0.99042180 0.29175610 0.00000000 1.0000
1.04924621 0.30050253 0.00000000 1.0000
0.51514719 0.34343146 0.00000000 1.0000
0.56051803 0.33344379 0.00000000 1.0000
0.60776141 0.32603516 0.00000000 1.0000
0.65381168 0.32174017 0.00000000 1.0000
0.70356302 0.31803187 0.00000000 1.0000
0.74861243 0.31818492 0.00000000 1.0000
0.79881477 0.31810605 0.00000000 1.0000
0.84472259 0.32165699 0.00000000 1.0000
0.89285287 0.32607867 0.00000000 1.0000
0.93933911 0.33343555 0.00000000 1.0000
0.98485281 0.34343146 0.00000000 1.0000
0.57954058 0.38636039 0.00000000 1.0000
0.61155306 0.37512426 0.00000000 1.0000
0.64601949 0.36678955 0.00000000 1.0000
0.67887123 0.36195769 0.00000000 1.0000
0.71664938 0.35778585 0.00000000 1.0000
0.74814909 0.35795803 0.00000000 1.0000
0.78652244 0.35786931 0.00000000 1.0000
0.81917357 0.36186412 0.00000000 1.0000
0.85479990 0.36683851 0.00000000 1.0000
0.88825642 0.37511499 0.00000000 1.0000
0.92045942 0.38636039 0.00000000 1.0000
0.64393398 0.42928932 0.00000000 1.0000
0.66258809 0.41680473 0.00000000 1.0000
0.68427757 0.40754395 0.00000000 1.0000
0.70393077 0.40217521 0.00000000 1.0000
0.72973574 0.39753983 0.00000000 1.0000
0.74768575 0.39773115 0.00000000 1.0000
0.77423010 0.39763256 0.00000000 1.0000
0.79362456 0.40207124 0.00000000 1.0000
0.81674694 0.40759834 0.00000000 1.0000
0.83717372 0.41679444 0.00000000 1.0000
0.85606602 0.42928932 0.00000000 1.0000
