22
0 0.00000000 0.00000000 0.00000000 0.00000000 0.00000000 0.00000000 0.00000000 0.00000000 0.00000000 0.00000000 1.00000000 1.00000000 1.00000000 1.00000000 1.00000000 1.00000000 1.00000000 1.00000000 1.00000000 1.00000000 1
22
0 0.00000000 0.00000000 0.00000000 0.00000000 0.00000000 0.00000000 0.00000000 0.00000000 0.00000000 0.00000000 1.00000000 1.00000000 1.00000000 1.00000000 1.00000000 1.00000000 1.00000000 1.00000000 1.00000000 1.00000000 1
121
0.00000000 1.00000000 0.00000000 1.0000
0.00000000 0.89420171 0.00000000 1.0000
0.00000000 0.79101128 0.00000000 1.0000
0.00000000 0.69085257 0.00000000 1.0000
0.00000000 0.59383549 0.00000000 1.0000
0.00000000 0.49665376 0.00000000 1.0000
0.00000000 0.41196315 0.00000000 1.0000
0.00000000 0.30546606 0.00000000 1.0000
0.00000000 0.21056868 0.00000000 1.0000
0.00000000 0.10538256 0.00000000 1.0000
0.00000000 0.00000000 0.00000000 1.0000
0.04167950 0.95832050 0.00000000 1.0000
0.03944971 0.86211998 0.00000000 1.0000
0.03772457 0.76801840 0.00000000 1.0000
0.03530672 0.67613642 0.00000000 1.0000
0.03557350 0.58700232 0.00000000 1.0000
0.03236177 0.49731372 0.00000000 1.0000
0.03560097 0.41765247 0.00000000 1.0000
0.03527677 0.32090839 0.00000000 1.0000
0.03773983 0.23324978 0.00000000 1.0000
0.03944234 0.13754581 0.00000000 1.0000
0.04167950 0.04167950 0.00000000 1.0000
0.08335899 0.91664101 0.00000000 1.0000
0.07889942 0.83003825 0.00000000 1.0000
0.07544914 0.74502553 0.00000000 1.0000
0.07061344 0.66142027 0.00000000 1.0000
0.07114700 0.58016914 0.00000000 1.0000
0.06472354 0.49797369 0.00000000 1.0000
0.07120194 0.42334179 0.00000000 1.0000
0.07055354 0.33635071 0.00000000 1.0000
0.07547966 0.25593088 0.00000000 1.0000
0.07888467 0.16970907 0.00000000 1.0000
0.08335899 0.08335899 0.00000000 1.0000
0.12503849 0.87496151 0.00000000 1.0000
0.11834913 0.79795653 0.00000000 1.0000
0.11317371 0.72203265 0.00000000 1.0000
0.10592016 0.64670411 0.00000000 1.0000
0.10672050 0.57333597 0.00000000 1.0000
0.09708531 0.49863366 0.00000000 1.0000
0.10680290 0.42903110 0.00000000 1.0000
0.10583031 0.35179304 0.00000000 1.0000
0.11321950 0.27861197 0.00000000 1.0000
0.11832701 0.20187233 0.00000000 1.0000
0.12503849 0.12503849 0.00000000 1.0000
0.16671799 0.83328201 0.00000000 1.0000
0.15779884 0.76587480 0.00000000 1.0000
0.15089828 0.69903978 0.00000000 1.0000
0.14122688 0.63198796 0.00000000 1.0000
0.14229400 0.56650279 0.00000000 1.0000
0.12944707 0.49929362 0.00000000 1.0000
0.14240387 0.43472042 0.00000000 1.0000
0.14110708 0.36723537 0.00000000 1.0000
0.15095933 0.30129307 0.00000000 1.0000
0.15776934 0.23403558 0.00000000 1.0000
0.16671799 0.16671799 0.00000000 1.0000
0.20839749 0.79160251 0.00000000 1.0000
0.19724855 0.73379307 0.00000000 1.0000
0.18862285 0.67604690 0.00000000 1.0000
0.17653359 0.61727181 0.00000000 1.0000
0.17786750 0.55966962 0.00000000 1.0000
0.16180884 0.49995359 0.00000000 1.0000
0.17800484 0.44040974 0.00000000 1.0000
0.17638385 0.38267769 0.00000000 1.0000
0.18869916 0.32397417 0.00000000 1.0000
0.19721168 0.26619884 0.00000000 1.0000
0.20839749 0.20839749 0.00000000 1.0000
0.25007698 0.74992302 0.00000000 1.0000
0.23669826 0.70171135 0.00000000 1.0000
0.22634742 0.65305403 0.00000000 1.0000
0.21184031 0.60255566 0.00000000 1.0000
0.21344099 0.55283644 0.00000000 1.0000
0.19417061 0.50061356 0.00000000 1.0000
0.21360581 0.44609906 0.00000000 1.0000
0.21166062 0.39812002 0.00000000 1.0000
0.22643899 0.34665527 0.00000000 1.0000
0.23665401 0.29836210 0.00000000 1.0000
0.25007698 0.25007698 0.00000000 1.0000
0.29175648 0.70824352 0.00000000 1.0000
0.27614797 0.66962962 0.00000000 1.0000
0.26407199 0.63006115 0.00000000 1.0000
0.24714703 0.58783951 0.00000000 1.0000
0.24901449 0.54600327 0.00000000 1.0000
0.22653238 0.50127353 0.00000000 1.0000
0.24920678 0.45178838 0.00000000 1.0000
0.24693739 0.41356235 0.00000000 1.0000
0.26417882 0.36933637 0.00000000 1.0000
0.27609635 0.33052535 0.00000000 1.0000
0.29175648 0.29175648 0.00000000 1.0000
0.33343598 0.66656402 0.00000000 1.0000
0.31559768 0.63754789 0.00000000 1.0000
0.30179656 0.60706827 0.00000000 1.0000
0.28245375 0.57312335 0.00000000 1.0000
0.28458799 0.53917009 0.00000000 1.0000
0.25889415 0.50193349 0.00000000 1.0000
0.28480774 0.45747770 0.00000000 1.0000
0.28221416 0.42900467 0.00000000 1.0000
0.30191865 0.39201747 0.00000000 1.0000
0.31553869 0.36268861 0.00000000 1.0000
0.33343598 0.33343598 0.00000000 1.0000
0.37511547 0.62488453 0.00000000 1.0000
0.35504739 0.60546616 0.00000000 1.0000
0.33952114 0.58407540 0.00000000 1.0000
0.31776047 0.55840720 0.00000000 1.0000
0.32016149 0.53233692 0.00000000 1.0000
0.29125592 0.50259346 0.00000000 1.0000
0.32040871 0.46316701 0.00000000 1.0000
0.31749093 0.44444700 0.00000000 1.0000
0.33965849 0.41469857 0.00000000 1.0000
0.35498102 0.39485187 0.00000000 1.0000
0.37511547 0.37511547 0.00000000 1.0000
0.41679497 0.58320503 0.00000000 1.0000
0.39449710 0.57338444 0.00000000 1.0000
0.37724571 0.56108252 0.00000000 1.0000
0.35306719 0.54369105 0.00000000 1.0000
0.35573499 0.52550374 0.00000000 1.0000
0.32361768 0.50325343 0.00000000 1.0000
0.35600968 0.46885633 0.00000000 1.0000
0.35276770 0.45988932 0.00000000 1.0000
0.37739832 0.43737967 0.00000000 1.0000
0.39442336 0.42701512 0.00000000 1.0000
0.41679497 0.41679497 0.00000000 1.0000
