22
0 0.00000000 0.00000000 0.00000000 0.00000000 0.00000000 0.00000000 0.00000000 0.00000000 0.00000000 0.00000000 1.00000000 1.00000000 1.00000000 1.00000000 1.00000000 1.00000000 1.00000000 1.00000000 1.00000000 1.00000000 1
22
0 0.00000000 0.00000000 0.00000000 0.00000000 0.00000000 0.00000000 0.00000000 0.00000000 0.00000000 0.00000000 1.00000000 1.00000000 1.00000000 1.00000000 1.00000000 1.00000000 1.00000000 1.00000000 1.00000000 1.00000000 1
121
2.00000000 0.00000000 0.00000000 1.0000
2.00000000 0.10132129 0.00000000 1.0000
2.00000000 0.20102542 0.00000000 1.0000
2.00000000 0.30127245 0.00000000 1.0000
2.00000000 0.40026713 0.00000000 1.0000
2.00000000 0.50004006 0.00000000 1.0000
2.00000000 0.59967750 0.00000000 1.0000
2.00000000 0.69874494 0.00000000 1.0000
2.00000000 0.79896180 0.00000000 1.0000
2.00000000 0.89867944 0.00000000 1.0000
2.00000000 1.00000000 0.00000000 1.0000
1.90321599 0.04234300 0.00000000 1.0000
1.90403647 0.13490988 0.00000000 1.0000
1.90456797 0.22620457 0.00000000 1.0000
1.90488488 0.31793732 0.00000000 1.0000
1.90513530 0.40867316 0.00000000 1.0000
1.90512868 0.50003189 0.00000000 1.0000
1.90513626 0.59128280 0.00000000 1.0000
1.90488392 0.68207642 0.00000000 1.0000
1.90456824 0.77378527 0.00000000 1.0000
1.90403628 0.86509068 0.00000000 1.0000
1.90321599 0.95765700 0.00000000 1.0000
1.80643198 0.08468601 0.00000000 1.0000
1.80807294 0.16849847 0.00000000 1.0000
1.80913595 0.25138372 0.00000000 1.0000
1.80976975 0.33460220 0.00000000 1.0000
1.81027060 0.41707919 0.00000000 1.0000
1.81025736 0.50002373 0.00000000 1.0000
1.81027251 0.58288810 0.00000000 1.0000
1.80976785 0.66540791 0.00000000 1.0000
1.80913648 0.74860873 0.00000000 1.0000
1.80807256 0.83150193 0.00000000 1.0000
1.80643198 0.91531399 0.00000000 1.0000
1.70964797 0.12702901 0.00000000 1.0000
1.71210941 0.20208706 0.00000000 1.0000
1.71370392 0.27656287 0.00000000 1.0000
1.71465463 0.35126707 0.00000000 1.0000
1.71540591 0.42548522 0.00000000 1.0000
1.71538604 0.50001556 0.00000000 1.0000
1.71540877 0.57449341 0.00000000 1.0000
1.71465177 0.64873939 0.00000000 1.0000
1.71370473 0.72343220 0.00000000 1.0000
1.71210884 0.79791317 0.00000000 1.0000
1.70964797 0.87297099 0.00000000 1.0000
1.61286397 0.16937201 0.00000000 1.0000
1.61614589 0.23567565 0.00000000 1.0000
1.61827189 0.30174202 0.00000000 1.0000
1.61953951 0.36793194 0.00000000 1.0000
1.62054121 0.43389125 0.00000000 1.0000
1.62051472 0.50000739 0.00000000 1.0000
1.62054502 0.56609871 0.00000000 1.0000
1.61953570 0.63207088 0.00000000 1.0000
1.61827297 0.69825566 0.00000000 1.0000
1.61614512 0.76432441 0.00000000 1.0000
1.61286397 0.83062799 0.00000000 1.0000
1.51607996 0.21171502 0.00000000 1.0000
1.52018236 0.26926423 0.00000000 1.0000
1.52283987 0.32692118 0.00000000 1.0000
1.52442438 0.38459682 0.00000000 1.0000
1.52567651 0.44229728 0.00000000 1.0000
1.52564340 0.49999923 0.00000000 1.0000
1.52568128 0.55770402 0.00000000 1.0000
1.52441962 0.61540236 0.00000000 1.0000
1.52284121 0.67307913 0.00000000 1.0000
1.52018140 0.73073565 0.00000000 1.0000
1.51607996 0.78828498 0.00000000 1.0000
1.41929595 0.25405802 0.00000000 1.0000
1.42421883 0.30285282 0.00000000 1.0000
1.42740784 0.35210033 0.00000000 1.0000
1.42930926 0.40126169 0.00000000 1.0000
1.43081181 0.45070331 0.00000000 1.0000
1.43077208 0.49999106 0.00000000 1.0000
1.43081753 0.54930932 0.00000000 1.0000
1.42930355 0.59873385 0.00000000 1.0000
1.42740945 0.64790259 0.00000000 1.0000
1.42421768 0.69714690 0.00000000 1.0000
1.41929595 0.74594198 0.00000000 1.0000
1.32251194 0.29640103 0.00000000 1.0000
1.32825530 0.33644141 0.00000000 1.0000
1.33197582 0.37727948 0.00000000 1.0000
1.33419414 0.41792656 0.00000000 1.0000
1.33594711 0.45910934 0.00000000 1.0000
1.33590077 0.49998289 0.00000000 1.0000
1.33595379 0.54091462 0.00000000 1.0000
1.33418747 0.58206533 0.00000000 1.0000
1.33197769 0.62272606 0.00000000 1.0000
1.32825396 0.66355814 0.00000000 1.0000
1.32251194 0.70359897 0.00000000 1.0000
1.22572793 0.33874403 0.00000000 1.0000
1.23229177 0.37003000 0.00000000 1.0000
1.23654379 0.40245863 0.00000000 1.0000
1.23907901 0.43459144 0.00000000 1.0000
1.24108242 0.46751537 0.00000000 1.0000
1.24102945 0.49997473 0.00000000 1.0000
1.24109004 0.53251993 0.00000000 1.0000
1.23907140 0.56539682 0.00000000 1.0000
1.23654594 0.59754952 0.00000000 1.0000
1.23229024 0.62996938 0.00000000 1.0000
1.22572793 0.66125597 0.00000000 1.0000
1.12894392 0.38108703 0.00000000 1.0000
1.13632824 0.40361859 0.00000000 1.0000
1.14111176 0.42763779 0.00000000 1.0000
1.14396389 0.45125631 0.00000000 1.0000
1.14621772 0.47592140 0.00000000 1.0000
1.14615813 0.49996656 0.00000000 1.0000
1.14622630 0.52412523 0.00000000 1.0000
1.14395532 0.54872830 0.00000000 1.0000
1.14111418 0.57237299 0.00000000 1.0000
1.13632652 0.59638062 0.00000000 1.0000
1.12894392 0.61891297 0.00000000 1.0000
1.03215992 0.42343004 0.00000000 1.0000
1.04036472 0.43720717 0.00000000 1.0000
1.04567974 0.45281694 0.00000000 1.0000
1.04884877 0.46792118 0.00000000 1.0000
1.05135302 0.48432743 0.00000000 1.0000
1.05128681 0.49995839 0.00000000 1.0000
1.05136255 0.51573054 0.00000000 1.0000
1.04883925 0.53205979 0.00000000 1.0000
1.04568242 0.54719646 0.00000000 1.0000
1.04036280 0.56279187 0.00000000 1.0000
1.03215992 0.57656996 0.00000000 1.0000
