22
0 0.00000000 0.00000000 0.00000000 0.00000000 0.00000000 0.00000000 0.00000000 0.00000000 0.00000000 0.00000000 1.00000000 1.00000000 1.00000000 1.00000000 1.00000000 1.00000000 1.00000000 1.00000000 1.00000000 1.00000000 1
22
0 0.00000000 0.00000000 0.00000000 0.00000000 0.00000000 0.00000000 0.00000000 0.00000000 0.00000000 0.00000000 1.00000000 1.00000000 1.00000000 1.00000000 1.00000000 1.00000000 1.00000000 1.00000000 1.00000000 1.00000000 1
121
0.00000000 1.00000000 0.00000000 1.0000
0.00000000 0.89633350 0.00000000 1.0000
0.00000000 0.79480287 0.00000000 1.0000
0.00000000 0.69384949 0.00000000 1.0000
0.00000000 0.59747599 0.00000000 1.0000
0.00000000 0.49773256 0.00000000 1.0000
0.00000000 0.40641066 0.00000000 1.0000
0.00000000 0.30377275 0.00000000 1.0000
0.00000000 0.20614583 0.00000000 1.0000
0.00000000 0.10343186 0.00000000 1.0000
0.00000000 0.00000000 0.00000000 1.0000
0.06439340 0.95707107 0.00000000 1.0000
0.06286813 0.86277759 0.00000000 1.0000
0.06169551 0.77018227 0.00000000 1.0000
0.06015977 0.67798691 0.00000000 1.0000
0.06023738 0.58949072 0.00000000 1.0000
0.05857571 0.49818101 0.00000000 1.0000
0.06025708 0.41362707 0.00000000 1.0000
0.06014073 0.32010585 0.00000000 1.0000
0.06170233 0.23057844 0.00000000 1.0000
0.06286530 0.13703414 0.00000000 1.0000
0.06439340 0.04292893 0.00000000 1.0000
0.12878680 0.91414214 0.00000000 1.0000
0.12573625 0.82922169 0.00000000 1.0000
0.12339103 0.74556167 0.00000000 1.0000
0.12031955 0.66212433 0.00000000 1.0000
0.12047476 0.58150545 0.00000000 1.0000
0.11715143 0.49862946 0.00000000 1.0000
0.12051415 0.42084347 0.00000000 1.0000
0.12028146 0.33643896 0.00000000 1.0000
0.12340466 0.25501106 0.00000000 1.0000
0.12573060 0.17063643 0.00000000 1.0000
0.12878680 0.08585786 0.00000000 1.0000
0.19318019 0.87121320 0.00000000 1.0000
0.18860438 0.79566579 0.00000000 1.0000
0.18508654 0.72094106 0.00000000 1.0000
0.18047932 0.64626175 0.00000000 1.0000
0.18071214 0.57352018 0.00000000 1.0000
0.17572714 0.49907791 0.00000000 1.0000
0.18077123 0.42805988 0.00000000 1.0000
0.18042219 0.35277206 0.00000000 1.0000
0.18510699 0.27944368 0.00000000 1.0000
0.18859590 0.20423871 0.00000000 1.0000
0.19318019 0.12878680 0.00000000 1.0000
0.25757359 0.82828427 0.00000000 1.0000
0.25147250 0.76210988 0.00000000 1.0000
0.24678206 0.69632046 0.00000000 1.0000
0.24063909 0.63039918 0.00000000 1.0000
0.24094953 0.56553491 0.00000000 1.0000
0.23430285 0.49952635 0.00000000 1.0000
0.24102831 0.43527628 0.00000000 1.0000
0.24056291 0.36910516 0.00000000 1.0000
0.24680931 0.30387629 0.00000000 1.0000
0.25146120 0.23784099 0.00000000 1.0000
0.25757359 0.17171573 0.00000000 1.0000
0.32196699 0.78535534 0.00000000 1.0000
0.31434063 0.72855398 0.00000000 1.0000
0.30847757 0.67169986 0.00000000 1.0000
0.30079886 0.61453660 0.00000000 1.0000
0.30118691 0.55754964 0.00000000 1.0000
0.29287856 0.49997480 0.00000000 1.0000
0.30128538 0.44249269 0.00000000 1.0000
0.30070364 0.38543827 0.00000000 1.0000
0.30851164 0.32830891 0.00000000 1.0000
0.31432650 0.27144328 0.00000000 1.0000
0.32196699 0.21464466 0.00000000 1.0000
0.38636039 0.74242641 0.00000000 1.0000
0.37720876 0.69499807 0.00000000 1.0000
0.37017308 0.64707926 0.00000000 1.0000
0.36095864 0.59867402 0.00000000 1.0000
0.36142429 0.54956438 0.00000000 1.0000
0.35145428 0.50042325 0.00000000 1.0000
0.36154246 0.44970910 0.00000000 1.0000
0.36084437 0.40177137 0.00000000 1.0000
0.37021397 0.35274152 0.00000000 1.0000
0.37719180 0.30504556 0.00000000 1.0000
0.38636039 0.25757359 0.00000000 1.0000
0.45075379 0.69949747 0.00000000 1.0000
0.44007688 0.66144217 0.00000000 1.0000
0.43186860 0.62245865 0.00000000 1.0000
0.42111841 0.58281144 0.00000000 1.0000
0.42166167 0.54157911 0.00000000 1.0000
0.41002999 0.50087170 0.00000000 1.0000
0.42179954 0.45692550 0.00000000 1.0000
0.42098510 0.41810448 0.00000000 1.0000
0.43191630 0.37717414 0.00000000 1.0000
0.44005710 0.33864784 0.00000000 1.0000
0.45075379 0.30050253 0.00000000 1.0000
0.51514719 0.65656854 0.00000000 1.0000
0.50294501 0.62788627 0.00000000 1.0000
0.49356411 0.59783805 0.00000000 1.0000
0.48127818 0.56694887 0.00000000 1.0000
0.48189905 0.53359384 0.00000000 1.0000
0.46860570 0.50132015 0.00000000 1.0000
0.48205662 0.46414191 0.00000000 1.0000
0.48112583 0.43443758 0.00000000 1.0000
0.49361863 0.40160675 0.00000000 1.0000
0.50292240 0.37225012 0.00000000 1.0000
0.51514719 0.34343146 0.00000000 1.0000
0.57954058 0.61363961 0.00000000 1.0000
0.56581313 0.59433036 0.00000000 1.0000
0.55525963 0.57321745 0.00000000 1.0000
0.54143795 0.55108629 0.00000000 1.0000
0.54213643 0.52560857 0.00000000 1.0000
0.52718142 0.50176860 0.00000000 1.0000
0.54231369 0.47135831 0.00000000 1.0000
0.54126656 0.45077069 0.00000000 1.0000
0.55532096 0.42603937 0.00000000 1.0000
0.56578770 0.40585241 0.00000000 1.0000
0.57954058 0.38636039 0.00000000 1.0000
0.64393398 0.57071068 0.00000000 1.0000
0.62868126 0.56077446 0.00000000 1.0000
0.61695514 0.54859684 0.00000000 1.0000
0.60159773 0.53522371 0.00000000 1.0000
0.60237381 0.51762330 0.00000000 1.0000
0.58575713 0.50221704 0.00000000 1.0000
0.60257077 0.47857472 0.00000000 1.0000
0.60140728 0.46710379 0.00000000 1.0000
0.61702329 0.45047198 0.00000000 1.0000
0.62865300 0.43945469 0.00000000 1.0000
0.64393398 0.42928932 0.00000000 1.0000
