22
0 0.00000000 0.00000000 0.00000000 0.00000000 0.00000000 0.00000000 0.00000000 0.00000000 0.00000000 0.00000000 1.00000000 1.00000000 1.00000000 1.00000000 1.00000000 1.00000000 1.00000000 1.00000000 1.00000000 1.00000000 1
22
0 0.00000000 0.00000000 0.00000000 0.00000000 0.00000000 0.00000000 0.00000000 0.00000000 0.00000000 0.00000000 1.00000000 1.00000000 1.00000000 1.00000000 1.00000000 1.00000000 1.00000000 1.00000000 1.00000000 1.00000000 1
121
1.50000000 0.00000000 0.00000000 1.0000
1.50000000 0.10366650 0.00000000 1.0000
1.50000000 0.20519713 0.00000000 1.0000
1.50000000 0.30615051 0.00000000 1.0000
1.50000000 0.40252401 0.00000000 1.0000
1.50000000 0.50226744 0.00000000 1.0000
1.50000000 0.59358934 0.00000000 1.0000
1.50000000 0.69622725 0.00000000 1.0000
1.50000000 0.79385417 0.00000000 1.0000
1.50000000 0.89656814 0.00000000 1.0000
1.50000000 1.00000000 0.00000000 1.0000
1.43560660 0.04292893 0.00000000 1.0000
1.43713187 0.13722241 0.00000000 1.0000
1.43830449 0.22981773 0.00000000 1.0000
1.43984023 0.32201309 0.00000000 1.0000
1.43976262 0.41050928 0.00000000 1.0000
1.44142429 0.50181899 0.00000000 1.0000
1.43974292 0.58637293 0.00000000 1.0000
1.43985927 0.67989415 0.00000000 1.0000
1.43829767 0.76942156 0.00000000 1.0000
1.43713470 0.86296586 0.00000000 1.0000
1.43560660 0.95707107 0.00000000 1.0000
1.37121320 0.08585786 0.00000000 1.0000
1.37426375 0.17077831 0.00000000 1.0000
1.37660897 0.25443833 0.00000000 1.0000
1.37968045 0.33787567 0.00000000 1.0000
1.37952524 0.41849455 0.00000000 1.0000
1.38284857 0.50137054 0.00000000 1.0000
1.37948585 0.57915653 0.00000000 1.0000
1.37971854 0.66356104 0.00000000 1.0000
1.37659534 0.74498894 0.00000000 1.0000
1.37426940 0.82936357 0.00000000 1.0000
1.37121320 0.91414214 0.00000000 1.0000
1.30681981 0.12878680 0.00000000 1.0000
1.31139562 0.20433421 0.00000000 1.0000
1.31491346 0.27905894 0.00000000 1.0000
1.31952068 0.35373825 0.00000000 1.0000
1.31928786 0.42647982 0.00000000 1.0000
1.32427286 0.50092209 0.00000000 1.0000
1.31922877 0.57194012 0.00000000 1.0000
1.31957781 0.64722794 0.00000000 1.0000
1.31489301 0.72055632 0.00000000 1.0000
1.31140410 0.79576129 0.00000000 1.0000
1.30681981 0.87121320 0.00000000 1.0000
1.24242641 0.17171573 0.00000000 1.0000
1.24852750 0.23789012 0.00000000 1.0000
1.25321794 0.30367954 0.00000000 1.0000
1.25936091 0.36960082 0.00000000 1.0000
1.25905047 0.43446509 0.00000000 1.0000
1.26569715 0.50047365 0.00000000 1.0000
1.25897169 0.56472372 0.00000000 1.0000
1.25943709 0.63089483 0.00000000 1.0000
1.25319069 0.69612371 0.00000000 1.0000
1.24853880 0.76215901 0.00000000 1.0000
1.24242641 0.82828427 0.00000000 1.0000
1.17803301 0.21464466 0.00000000 1.0000
1.18565937 0.27144602 0.00000000 1.0000
1.19152243 0.32830014 0.00000000 1.0000
1.19920114 0.38546340 0.00000000 1.0000
1.19881309 0.44245036 0.00000000 1.0000
1.20712143 0.50002520 0.00000000 1.0000
1.19871462 0.55750731 0.00000000 1.0000
1.19929636 0.61456173 0.00000000 1.0000
1.19148836 0.67169109 0.00000000 1.0000
1.18567350 0.72855672 0.00000000 1.0000
1.17803301 0.78535534 0.00000000 1.0000
1.11363961 0.25757359 0.00000000 1.0000
1.12279124 0.30500193 0.00000000 1.0000
1.12982692 0.35292074 0.00000000 1.0000
1.13904136 0.40132598 0.00000000 1.0000
1.13857571 0.45043563 0.00000000 1.0000
1.14854572 0.49957675 0.00000000 1.0000
1.13845754 0.55029090 0.00000000 1.0000
1.13915563 0.59822863 0.00000000 1.0000
1.12978603 0.64725848 0.00000000 1.0000
1.12280820 0.69495444 0.00000000 1.0000
1.11363961 0.74242641 0.00000000 1.0000
1.04924621 0.30050253 0.00000000 1.0000
1.05992312 0.33855783 0.00000000 1.0000
1.06813140 0.37754135 0.00000000 1.0000
1.07888159 0.41718856 0.00000000 1.0000
1.07833833 0.45842089 0.00000000 1.0000
1.08997001 0.49912830 0.00000000 1.0000
1.07820046 0.54307450 0.00000000 1.0000
1.07901490 0.58189552 0.00000000 1.0000
1.06808370 0.62282586 0.00000000 1.0000
1.05994290 0.66135216 0.00000000 1.0000
1.04924621 0.69949747 0.00000000 1.0000
0.98485281 0.34343146 0.00000000 1.0000
0.99705499 0.37211373 0.00000000 1.0000
1.00643589 0.40216195 0.00000000 1.0000
1.01872182 0.43305113 0.00000000 1.0000
1.01810095 0.46640616 0.00000000 1.0000
1.03139430 0.49867985 0.00000000 1.0000
1.01794338 0.53585809 0.00000000 1.0000
1.01887417 0.56556242 0.00000000 1.0000
1.00638137 0.59839325 0.00000000 1.0000
0.99707760 0.62774988 0.00000000 1.0000
0.98485281 0.65656854 0.00000000 1.0000
0.92045942 0.38636039 0.00000000 1.0000
0.93418687 0.40566964 0.00000000 1.0000
0.94474037 0.42678255 0.00000000 1.0000
0.95856205 0.44891371 0.00000000 1.0000
0.95786357 0.47439143 0.00000000 1.0000
0.97281858 0.49823140 0.00000000 1.0000
0.95768631 0.52864169 0.00000000 1.0000
0.95873344 0.54922931 0.00000000 1.0000
0.94467904 0.57396063 0.00000000 1.0000
0.93421230 0.59414759 0.00000000 1.0000
0.92045942 0.61363961 0.00000000 1.0000
0.85606602 0.42928932 0.00000000 1.0000
0.87131874 0.43922554 0.00000000 1.0000
0.88304486 0.45140316 0.00000000 1.0000
0.89840227 0.46477629 0.00000000 1.0000
0.89762619 0.48237670 0.00000000 1.0000
0.91424287 0.49778296 0.00000000 1.0000
0.89742923 0.52142528 0.00000000 1.0000
0.89859272 0.53289621 0.00000000 1.0000
0.88297671 0.54952802 0.00000000 1.0000
0.87134700 0.56054531 0.00000000 1.0000
0.85606602 0.57071068 0.00000000 1.0000
