22
0 0.00000000 0.00000000 0.00000000 0.00000000 0.00000000 0.00000000 0.00000000 0.00000000 0.00000000 0.00000000 1.00000000 1.00000000 1.00000000 1.00000000 1.00000000 1.00000000 1.00000000 1.00000000 1.00000000 1.00000000 1
22
0 0.00000000 0.00000000 0.00000000 0.00000000 0.00000000 0.00000000 0.00000000 0.00000000 0.00000000 0.00000000 1.00000000 1.00000000 1.00000000 1.00000000 1.00000000 1.00000000 1.00000000 1.00000000 1.00000000 1.00000000 1
121
0.00000000 0.00000000 0.00000000 1.0000
0.10075284 0.00000000 0.00000000 1.0000
0.20108233 0.00000000 0.00000000 1.0000
0.30047264 0.00000000 0.00000000 1.0000
0.40063195 0.00000000 0.00000000 1.0000
0.50001708 0.00000000 0.00000000 1.0000
0.59934193 0.00000000 0.00000000 1.0000
0.69953965 0.00000000 0.00000000 1.0000
0.79891087 0.00000000 0.00000000 1.0000
0.89924821 0.00000000 0.00000000 1.0000
1.00000000 0.00000000 0.00000000 1.0000
0.04167950 0.04167950 0.00000000 1.0000
0.13393153 0.04099365 0.00000000 1.0000
0.22585542 0.04040815 0.00000000 1.0000
0.31703520 0.04023049 0.00000000 1.0000
0.40883244 0.03968319 0.00000000 1.0000
0.50001431 0.04007050 0.00000000 1.0000
0.59114556 0.03968323 0.00000000 1.0000
0.68297531 0.04023051 0.00000000 1.0000
0.77413886 0.04040817 0.00000000 1.0000
0.86606939 0.04099367 0.00000000 1.0000
0.95832050 0.04167950 0.00000000 1.0000
0.08335899 0.08335899 0.00000000 1.0000
0.16711021 0.08198731 0.00000000 1.0000
0.25062850 0.08081630 0.00000000 1.0000
0.33359777 0.08046098 0.00000000 1.0000
0.41703293 0.07936639 0.00000000 1.0000
0.50001154 0.08014099 0.00000000 1.0000
0.58294920 0.07936645 0.00000000 1.0000
0.66641096 0.08046101 0.00000000 1.0000
0.74936685 0.08081634 0.00000000 1.0000
0.83289056 0.08198734 0.00000000 1.0000
0.91664101 0.08335899 0.00000000 1.0000
0.12503849 0.12503849 0.00000000 1.0000
0.20028889 0.12298096 0.00000000 1.0000
0.27540159 0.12122444 0.00000000 1.0000
0.35016033 0.12069147 0.00000000 1.0000
0.42523342 0.11904958 0.00000000 1.0000
0.50000877 0.12021149 0.00000000 1.0000
0.57475283 0.11904968 0.00000000 1.0000
0.64984661 0.12069152 0.00000000 1.0000
0.72459484 0.12122451 0.00000000 1.0000
0.79971174 0.12298100 0.00000000 1.0000
0.87496151 0.12503849 0.00000000 1.0000
0.16671799 0.16671799 0.00000000 1.0000
0.23346757 0.16397462 0.00000000 1.0000
0.30017467 0.16163259 0.00000000 1.0000
0.36672289 0.16092196 0.00000000 1.0000
0.43343392 0.15873278 0.00000000 1.0000
0.50000599 0.16028199 0.00000000 1.0000
0.56655646 0.15873291 0.00000000 1.0000
0.63328226 0.16092203 0.00000000 1.0000
0.69982283 0.16163268 0.00000000 1.0000
0.76653291 0.16397467 0.00000000 1.0000
0.83328201 0.16671799 0.00000000 1.0000
0.20839749 0.20839749 0.00000000 1.0000
0.26664625 0.20496827 0.00000000 1.0000
0.32494776 0.20204074 0.00000000 1.0000
0.38328545 0.20115245 0.00000000 1.0000
0.44163441 0.19841597 0.00000000 1.0000
0.50000322 0.20035248 0.00000000 1.0000
0.55836010 0.19841614 0.00000000 1.0000
0.61671791 0.20115253 0.00000000 1.0000
0.67505083 0.20204085 0.00000000 1.0000
0.73335409 0.20496834 0.00000000 1.0000
0.79160251 0.20839749 0.00000000 1.0000
0.25007698 0.25007698 0.00000000 1.0000
0.29982493 0.24596193 0.00000000 1.0000
0.34972084 0.24244889 0.00000000 1.0000
0.39984801 0.24138294 0.00000000 1.0000
0.44983490 0.23809917 0.00000000 1.0000
0.50000045 0.24042298 0.00000000 1.0000
0.55016373 0.23809936 0.00000000 1.0000
0.60015356 0.24138304 0.00000000 1.0000
0.65027882 0.24244902 0.00000000 1.0000
0.70017527 0.24596201 0.00000000 1.0000
0.74992302 0.25007698 0.00000000 1.0000
0.29175648 0.29175648 0.00000000 1.0000
0.33300361 0.28695558 0.00000000 1.0000
0.37449393 0.28285704 0.00000000 1.0000
0.41641057 0.28161343 0.00000000 1.0000
0.45803539 0.27778236 0.00000000 1.0000
0.49999767 0.28049348 0.00000000 1.0000
0.54196736 0.27778259 0.00000000 1.0000
0.58358921 0.28161355 0.00000000 1.0000
0.62550681 0.28285719 0.00000000 1.0000
0.66699644 0.28695568 0.00000000 1.0000
0.70824352 0.29175648 0.00000000 1.0000
0.33343598 0.33343598 0.00000000 1.0000
0.36618229 0.32794923 0.00000000 1.0000
0.39926701 0.32326518 0.00000000 1.0000
0.43297313 0.32184392 0.00000000 1.0000
0.46623589 0.31746556 0.00000000 1.0000
0.49999490 0.32056397 0.00000000 1.0000
0.53377100 0.31746582 0.00000000 1.0000
0.56702486 0.32184405 0.00000000 1.0000
0.60073480 0.32326536 0.00000000 1.0000
0.63381762 0.32794935 0.00000000 1.0000
0.66656402 0.33343598 0.00000000 1.0000
0.37511547 0.37511547 0.00000000 1.0000
0.39936097 0.36894289 0.00000000 1.0000
0.42404010 0.36367333 0.00000000 1.0000
0.44953569 0.36207441 0.00000000 1.0000
0.47443638 0.35714875 0.00000000 1.0000
0.49999213 0.36063447 0.00000000 1.0000
0.52557463 0.35714905 0.00000000 1.0000
0.55046051 0.36207456 0.00000000 1.0000
0.57596279 0.36367352 0.00000000 1.0000
0.60063879 0.36894301 0.00000000 1.0000
0.62488453 0.37511547 0.00000000 1.0000
0.41679497 0.41679497 0.00000000 1.0000
0.43253965 0.40993654 0.00000000 1.0000
0.44881319 0.40408148 0.00000000 1.0000
0.46609825 0.40230490 0.00000000 1.0000
0.48263687 0.39683195 0.00000000 1.0000
0.49998935 0.40070497 0.00000000 1.0000
0.51737826 0.39683227 0.00000000 1.0000
0.53389617 0.40230507 0.00000000 1.0000
0.55119078 0.40408169 0.00000000 1.0000
0.56745997 0.40993668 0.00000000 1.0000
0.58320503 0.41679497 0.00000000 1.0000
