22
0 0.00000000 0.00000000 0.00000000 0.00000000 0.00000000 0.00000000 0.00000000 0.00000000 0.00000000 0.00000000 1.00000000 1.00000000 1.00000000 1.00000000 1.00000000 1.00000000 1.00000000 1.00000000 1.00000000 1.00000000 1
22
0 0.00000000 0.00000000 0.00000000 0.00000000 0.00000000 0.00000000 0.00000000 0.00000000 0.00000000 0.00000000 1.00000000 1.00000000 1.00000000 1.00000000 1.00000000 1.00000000 1.00000000 1.00000000 1.00000000 1.00000000 1
121
1.00000000 0.00000000 0.00000000 1.0000
1.00000000 0.10168187 0.00000000 1.0000
1.00000000 0.20277951 0.00000000 1.0000
1.00000000 0.30364318 0.00000000 1.0000
1.00000000 0.40336331 0.00000000 1.0000
1.00000000 0.50409305 0.00000000 1.0000
1.00000000 0.60308775 0.00000000 1.0000
1.00000000 0.70248010 0.00000000 1.0000
1.00000000 0.80193809 0.00000000 1.0000
1.00000000 0.90033981 0.00000000 1.0000
1.00000000 1.00000000 0.00000000 1.0000
0.95725568 0.04274432 0.00000000 1.0000
0.95846435 0.13606673 0.00000000 1.0000
0.95957920 0.22893162 0.00000000 1.0000
0.96050386 0.32162631 0.00000000 1.0000
0.96146924 0.41340082 0.00000000 1.0000
0.96207646 0.50601551 0.00000000 1.0000
0.96277322 0.59722263 0.00000000 1.0000
0.96316083 0.68878031 0.00000000 1.0000
0.96340060 0.78037901 0.00000000 1.0000
0.96338962 0.87114879 0.00000000 1.0000
0.96290477 0.96290477 0.00000000 1.0000
0.91451136 0.08548864 0.00000000 1.0000
0.91692871 0.17045158 0.00000000 1.0000
0.91915839 0.25508373 0.00000000 1.0000
0.92100773 0.33960945 0.00000000 1.0000
0.92293849 0.42343832 0.00000000 1.0000
0.92415291 0.50793797 0.00000000 1.0000
0.92554645 0.59135750 0.00000000 1.0000
0.92632165 0.67508051 0.00000000 1.0000
0.92680120 0.75881993 0.00000000 1.0000
0.92677924 0.84195777 0.00000000 1.0000
0.92580955 0.92580955 0.00000000 1.0000
0.87176704 0.12823296 0.00000000 1.0000
0.87539306 0.20483644 0.00000000 1.0000
0.87873759 0.28123584 0.00000000 1.0000
0.88151159 0.35759258 0.00000000 1.0000
0.88440773 0.43347583 0.00000000 1.0000
0.88622937 0.50986043 0.00000000 1.0000
0.88831967 0.58549238 0.00000000 1.0000
0.88948248 0.66138072 0.00000000 1.0000
0.89020180 0.73726085 0.00000000 1.0000
0.89016885 0.81276676 0.00000000 1.0000
0.88871432 0.88871432 0.00000000 1.0000
0.82902272 0.17097728 0.00000000 1.0000
0.83385742 0.23922130 0.00000000 1.0000
0.83831678 0.30738795 0.00000000 1.0000
0.84201545 0.37557571 0.00000000 1.0000
0.84587697 0.44351333 0.00000000 1.0000
0.84830582 0.51178289 0.00000000 1.0000
0.85109289 0.57962726 0.00000000 1.0000
0.85264331 0.64768092 0.00000000 1.0000
0.85360240 0.71570176 0.00000000 1.0000
0.85355847 0.78357574 0.00000000 1.0000
0.85161909 0.85161909 0.00000000 1.0000
0.78627840 0.21372160 0.00000000 1.0000
0.79232177 0.27360616 0.00000000 1.0000
0.79789598 0.33354005 0.00000000 1.0000
0.80251932 0.39355885 0.00000000 1.0000
0.80734622 0.45355084 0.00000000 1.0000
0.81038228 0.51370535 0.00000000 1.0000
0.81386611 0.57376213 0.00000000 1.0000
0.81580413 0.63398112 0.00000000 1.0000
0.81700300 0.69414268 0.00000000 1.0000
0.81694809 0.75438473 0.00000000 1.0000
0.81452387 0.81452387 0.00000000 1.0000
0.74353409 0.25646591 0.00000000 1.0000
0.75078613 0.30799102 0.00000000 1.0000
0.75747518 0.35969216 0.00000000 1.0000
0.76302318 0.41154198 0.00000000 1.0000
0.76881546 0.46358835 0.00000000 1.0000
0.77245873 0.51562782 0.00000000 1.0000
0.77663934 0.56789701 0.00000000 1.0000
0.77896496 0.62028133 0.00000000 1.0000
0.78040360 0.67258360 0.00000000 1.0000
0.78033771 0.72519371 0.00000000 1.0000
0.77742864 0.77742864 0.00000000 1.0000
0.70078977 0.29921023 0.00000000 1.0000
0.70925048 0.34237587 0.00000000 1.0000
0.71705437 0.38584427 0.00000000 1.0000
0.72352704 0.42952511 0.00000000 1.0000
0.73028470 0.47362585 0.00000000 1.0000
0.73453519 0.51755028 0.00000000 1.0000
0.73941256 0.56203188 0.00000000 1.0000
0.74212579 0.60658153 0.00000000 1.0000
0.74380420 0.65102452 0.00000000 1.0000
0.74372733 0.69600270 0.00000000 1.0000
0.74033341 0.74033341 0.00000000 1.0000
0.65804545 0.34195455 0.00000000 1.0000
0.66771483 0.37676073 0.00000000 1.0000
0.67663357 0.41199638 0.00000000 1.0000
0.68403091 0.44750824 0.00000000 1.0000
0.69175394 0.48366336 0.00000000 1.0000
0.69661165 0.51947274 0.00000000 1.0000
0.70218578 0.55616676 0.00000000 1.0000
0.70528661 0.59288174 0.00000000 1.0000
0.70720480 0.62946544 0.00000000 1.0000
0.70711695 0.66681168 0.00000000 1.0000
0.70323819 0.70323819 0.00000000 1.0000
0.61530113 0.38469887 0.00000000 1.0000
0.62617919 0.41114559 0.00000000 1.0000
0.63621276 0.43814849 0.00000000 1.0000
0.64453477 0.46549138 0.00000000 1.0000
0.65322319 0.49370087 0.00000000 1.0000
0.65868810 0.52139520 0.00000000 1.0000
0.66495900 0.55030163 0.00000000 1.0000
0.66844744 0.57918194 0.00000000 1.0000
0.67060540 0.60790636 0.00000000 1.0000
0.67050656 0.63762066 0.00000000 1.0000
0.66614296 0.66614296 0.00000000 1.0000
0.57255681 0.42744319 0.00000000 1.0000
0.58464354 0.44553045 0.00000000 1.0000
0.59579196 0.46430060 0.00000000 1.0000
0.60503863 0.48347451 0.00000000 1.0000
0.61469243 0.50373837 0.00000000 1.0000
0.62076456 0.52331766 0.00000000 1.0000
0.62773223 0.54443651 0.00000000 1.0000
0.63160826 0.56548214 0.00000000 1.0000
0.63400600 0.58634728 0.00000000 1.0000
0.63389618 0.60842965 0.00000000 1.0000
0.62904773 0.62904773 0.00000000 1.0000
