22
0 0.00000000 0.00000000 0.00000000 0.00000000 0.00000000 0.00000000 0.00000000 0.00000000 0.00000000 0.00000000 1.00000000 1.00000000 1.00000000 1.00000000 1.00000000 1.00000000 1.00000000 1.00000000 1.00000000 1.00000000 1
22
0 0.00000000 0.00000000 0.00000000 0.00000000 0.00000000 0.00000000 0.00000000 0.00000000 0.00000000 0.00000000 1.00000000 1.00000000 1.00000000 1.00000000 1.00000000 1.00000000 1.00000000 1.00000000 1.00000000 1.00000000 1
121
1.00000000 1.00000000 0.00000000 1.0000
0.89884616 1.00000000 0.00000000 1.0000
0.79922896 1.00000000 0.00000000 1.0000
0.69865542 1.00000000 0.00000000 1.0000
0.60012879 1.00000000 0.00000000 1.0000
0.49962800 1.00000000 0.00000000 1.0000
0.40048687 1.00000000 0.00000000 1.0000
0.30099485 1.00000000 0.00000000 1.0000
0.20092156 1.00000000 0.00000000 1.0000
0.10112042 1.00000000 0.00000000 1.0000
0.00000000 1.00000000 0.00000000 1.0000
0.96777419 0.95703225 0.00000000 1.0000
0.87334755 0.95840623 0.00000000 1.0000
0.78009765 0.95925763 0.00000000 1.0000
0.68607679 0.95984945 0.00000000 1.0000
0.59367902 0.96016609 0.00000000 1.0000
0.49970253 0.96028151 0.00000000 1.0000
0.40681328 0.96016669 0.00000000 1.0000
0.31364357 0.95984883 0.00000000 1.0000
0.22002272 0.95925777 0.00000000 1.0000
0.12662573 0.95840610 0.00000000 1.0000
0.03222581 0.95703225 0.00000000 1.0000
0.93554837 0.91406450 0.00000000 1.0000
0.84784893 0.91681247 0.00000000 1.0000
0.76096634 0.91851527 0.00000000 1.0000
0.67349817 0.91969890 0.00000000 1.0000
0.58722924 0.92033219 0.00000000 1.0000
0.49977707 0.92056303 0.00000000 1.0000
0.41313970 0.92033338 0.00000000 1.0000
0.32629228 0.91969766 0.00000000 1.0000
0.23912388 0.91851553 0.00000000 1.0000
0.15213105 0.91681220 0.00000000 1.0000
0.06445163 0.91406450 0.00000000 1.0000
0.90332256 0.87109675 0.00000000 1.0000
0.82235032 0.87521870 0.00000000 1.0000
0.74183503 0.87777290 0.00000000 1.0000
0.66091955 0.87954835 0.00000000 1.0000
0.58077947 0.88049828 0.00000000 1.0000
0.49985161 0.88084454 0.00000000 1.0000
0.41946611 0.88050007 0.00000000 1.0000
0.33894099 0.87954649 0.00000000 1.0000
0.25822504 0.87777330 0.00000000 1.0000
0.17763637 0.87521830 0.00000000 1.0000
0.09667744 0.87109675 0.00000000 1.0000
0.87109675 0.82812900 0.00000000 1.0000
0.79685171 0.83362493 0.00000000 1.0000
0.72270371 0.83703054 0.00000000 1.0000
0.64834092 0.83939780 0.00000000 1.0000
0.57432970 0.84066437 0.00000000 1.0000
0.49992614 0.84112605 0.00000000 1.0000
0.42579252 0.84066675 0.00000000 1.0000
0.35158971 0.83939532 0.00000000 1.0000
0.27732619 0.83703107 0.00000000 1.0000
0.20314169 0.83362440 0.00000000 1.0000
0.12890325 0.82812900 0.00000000 1.0000
0.83887093 0.78516124 0.00000000 1.0000
0.77135309 0.79203116 0.00000000 1.0000
0.70357240 0.79628817 0.00000000 1.0000
0.63576230 0.79924725 0.00000000 1.0000
0.56787993 0.80083047 0.00000000 1.0000
0.50000068 0.80140757 0.00000000 1.0000
0.43211894 0.80083344 0.00000000 1.0000
0.36423842 0.79924415 0.00000000 1.0000
0.29642735 0.79628883 0.00000000 1.0000
0.22864701 0.79203051 0.00000000 1.0000
0.16112907 0.78516124 0.00000000 1.0000
0.80664512 0.74219349 0.00000000 1.0000
0.74585448 0.75043740 0.00000000 1.0000
0.68444109 0.75554581 0.00000000 1.0000
0.62318368 0.75909670 0.00000000 1.0000
0.56143016 0.76099656 0.00000000 1.0000
0.50007522 0.76168908 0.00000000 1.0000
0.43844535 0.76100013 0.00000000 1.0000
0.37688713 0.75909298 0.00000000 1.0000
0.31552851 0.75554660 0.00000000 1.0000
0.25415233 0.75043661 0.00000000 1.0000
0.19335488 0.74219349 0.00000000 1.0000
0.77441931 0.69922574 0.00000000 1.0000
0.72035587 0.70884363 0.00000000 1.0000
0.66530977 0.71480344 0.00000000 1.0000
0.61060505 0.71894615 0.00000000 1.0000
0.55498039 0.72116265 0.00000000 1.0000
0.50014976 0.72197059 0.00000000 1.0000
0.44477177 0.72116682 0.00000000 1.0000
0.38953585 0.71894181 0.00000000 1.0000
0.33462966 0.71480437 0.00000000 1.0000
0.27965765 0.70884271 0.00000000 1.0000
0.22558069 0.69922574 0.00000000 1.0000
0.74219349 0.65625799 0.00000000 1.0000
0.69485725 0.66724986 0.00000000 1.0000
0.64617846 0.67406108 0.00000000 1.0000
0.59802643 0.67879560 0.00000000 1.0000
0.54853062 0.68132875 0.00000000 1.0000
0.50022429 0.68225211 0.00000000 1.0000
0.45109818 0.68133351 0.00000000 1.0000
0.40218456 0.67879064 0.00000000 1.0000
0.35373082 0.67406214 0.00000000 1.0000
0.30516297 0.66724881 0.00000000 1.0000
0.25780651 0.65625799 0.00000000 1.0000
0.70996768 0.61329024 0.00000000 1.0000
0.66935864 0.62565609 0.00000000 1.0000
0.62704715 0.63331871 0.00000000 1.0000
0.58544781 0.63864505 0.00000000 1.0000
0.54208084 0.64149484 0.00000000 1.0000
0.50029883 0.64253362 0.00000000 1.0000
0.45742459 0.64150020 0.00000000 1.0000
0.41483328 0.63863947 0.00000000 1.0000
0.37283198 0.63331990 0.00000000 1.0000
0.33066829 0.62565491 0.00000000 1.0000
0.29003232 0.61329024 0.00000000 1.0000
0.67774187 0.57032249 0.00000000 1.0000
0.64386002 0.58406233 0.00000000 1.0000
0.60791584 0.59257635 0.00000000 1.0000
0.57286918 0.59849450 0.00000000 1.0000
0.53563107 0.60166093 0.00000000 1.0000
0.50037337 0.60281513 0.00000000 1.0000
0.46375101 0.60166688 0.00000000 1.0000
0.42748199 0.59848830 0.00000000 1.0000
0.39193313 0.59257767 0.00000000 1.0000
0.35617361 0.58406101 0.00000000 1.0000
0.32225813 0.57032249 0.00000000 1.0000
