22
0 0.00000000 0.00000000 0.00000000 0.00000000 0.00000000 0.00000000 0.00000000 0.00000000 0.00000000 0.00000000 1.00000000 1.00000000 1.00000000 1.00000000 1.00000000 1.00000000 1.00000000 1.00000000 1.00000000 1.00000000 1
22
0 0.00000000 0.00000000 0.00000000 0.00000000 0.00000000 0.00000000 0.00000000 0.00000000 0.00000000 0.00000000 1.00000000 1.00000000 1.00000000 1.00000000 1.00000000 1.00000000 1.00000000 1.00000000 1.00000000 1.00000000 1
121
0.00000000 0.00000000 0.00000000 1.0000
0.15348445 0.00000000 0.00000000 1.0000
0.30219586 0.00000000 0.00000000 1.0000
0.45162583 0.00000000 0.00000000 1.0000
0.60371273 0.00000000 0.00000000 1.0000
0.74567426 0.00000000 0.00000000 1.0000
0.90315062 0.00000000 0.00000000 1.0000
1.04512267 0.00000000 0.00000000 1.0000
1.19870863 0.00000000 0.00000000 1.0000
1.34632621 0.00000000 0.00000000 1.0000
1.50000000 0.00000000 0.00000000 1.0000
0.05370983 0.04475819 0.00000000 1.0000
0.19563486 0.04231015 0.00000000 1.0000
0.33389608 0.04110793 0.00000000 1.0000
0.47269877 0.04021467 0.00000000 1.0000
0.61367567 0.03975228 0.00000000 1.0000
0.74654237 0.03957790 0.00000000 1.0000
0.89180964 0.03979187 0.00000000 1.0000
1.02470371 0.04016296 0.00000000 1.0000
1.16682577 0.04113958 0.00000000 1.0000
1.30421391 0.04230282 0.00000000 1.0000
1.44629017 0.04475819 0.00000000 1.0000
0.10741966 0.08951638 0.00000000 1.0000
0.23778526 0.08462030 0.00000000 1.0000
0.36559630 0.08221586 0.00000000 1.0000
0.49377171 0.08042934 0.00000000 1.0000
0.62363860 0.07950456 0.00000000 1.0000
0.74741047 0.07915580 0.00000000 1.0000
0.88046865 0.07958373 0.00000000 1.0000
1.00428474 0.08032592 0.00000000 1.0000
1.13494291 0.08227915 0.00000000 1.0000
1.26210160 0.08460564 0.00000000 1.0000
1.39258034 0.08951638 0.00000000 1.0000
0.16112948 0.13427457 0.00000000 1.0000
0.27993566 0.12693046 0.00000000 1.0000
0.39729652 0.12332378 0.00000000 1.0000
0.51484466 0.12064401 0.00000000 1.0000
0.63360153 0.11925684 0.00000000 1.0000
0.74827858 0.11873369 0.00000000 1.0000
0.86912766 0.11937560 0.00000000 1.0000
0.98386578 0.12048888 0.00000000 1.0000
1.10306005 0.12341873 0.00000000 1.0000
1.21998929 0.12690847 0.00000000 1.0000
1.33887052 0.13427457 0.00000000 1.0000
0.21483931 0.17903276 0.00000000 1.0000
0.32208606 0.16924061 0.00000000 1.0000
0.42899674 0.16443171 0.00000000 1.0000
0.53591760 0.16085868 0.00000000 1.0000
0.64356447 0.15900911 0.00000000 1.0000
0.74914668 0.15831159 0.00000000 1.0000
0.85778668 0.15916746 0.00000000 1.0000
0.96344681 0.16065184 0.00000000 1.0000
1.07117719 0.16455830 0.00000000 1.0000
1.17787698 0.16921129 0.00000000 1.0000
1.28516069 0.17903276 0.00000000 1.0000
0.26854914 0.22379095 0.00000000 1.0000
0.36423647 0.21155076 0.00000000 1.0000
0.46069697 0.20553964 0.00000000 1.0000
0.55699054 0.20107335 0.00000000 1.0000
0.65352740 0.19876139 0.00000000 1.0000
0.75001479 0.19788949 0.00000000 1.0000
0.84644569 0.19895933 0.00000000 1.0000
0.94302785 0.20081480 0.00000000 1.0000
1.03929433 0.20569788 0.00000000 1.0000
1.13576468 0.21151411 0.00000000 1.0000
1.23145086 0.22379095 0.00000000 1.0000
0.32225897 0.26854914 0.00000000 1.0000
0.40638687 0.25386091 0.00000000 1.0000
0.49239719 0.24664757 0.00000000 1.0000
0.57806348 0.24128802 0.00000000 1.0000
0.66349033 0.23851367 0.00000000 1.0000
0.75088289 0.23746739 0.00000000 1.0000
0.83510470 0.23875119 0.00000000 1.0000
0.92260888 0.24097776 0.00000000 1.0000
1.00741147 0.24683746 0.00000000 1.0000
1.09365237 0.25381693 0.00000000 1.0000
1.17774103 0.26854914 0.00000000 1.0000
0.37596880 0.31330733 0.00000000 1.0000
0.44853727 0.29617106 0.00000000 1.0000
0.52409741 0.28775549 0.00000000 1.0000
0.59913643 0.28150269 0.00000000 1.0000
0.67345327 0.27826595 0.00000000 1.0000
0.75175100 0.27704528 0.00000000 1.0000
0.82376372 0.27854306 0.00000000 1.0000
0.90218992 0.28114072 0.00000000 1.0000
0.97552861 0.28797703 0.00000000 1.0000
1.05154006 0.29611975 0.00000000 1.0000
1.12403120 0.31330733 0.00000000 1.0000
0.42967862 0.35806552 0.00000000 1.0000
0.49068767 0.33848121 0.00000000 1.0000
0.55579763 0.32886342 0.00000000 1.0000
0.62020937 0.32171736 0.00000000 1.0000
0.68341620 0.31801823 0.00000000 1.0000
0.75261910 0.31662318 0.00000000 1.0000
0.81242273 0.31833493 0.00000000 1.0000
0.88177096 0.32130368 0.00000000 1.0000
0.94364575 0.32911661 0.00000000 1.0000
1.00942776 0.33842257 0.00000000 1.0000
1.07032138 0.35806552 0.00000000 1.0000
0.48338845 0.40282371 0.00000000 1.0000
0.53283808 0.38079137 0.00000000 1.0000
0.58749785 0.36997135 0.00000000 1.0000
0.64128231 0.36193203 0.00000000 1.0000
0.69337913 0.35777051 0.00000000 1.0000
0.75348721 0.35620108 0.00000000 1.0000
0.80108174 0.35812679 0.00000000 1.0000
0.86135199 0.36146664 0.00000000 1.0000
0.91176289 0.37025618 0.00000000 1.0000
0.96731545 0.38072540 0.00000000 1.0000
1.01661155 0.40282371 0.00000000 1.0000
0.53709828 0.44758190 0.00000000 1.0000
0.57498848 0.42310152 0.00000000 1.0000
0.61919807 0.41107928 0.00000000 1.0000
0.66235526 0.40214670 0.00000000 1.0000
0.70334206 0.39752278 0.00000000 1.0000
0.75435531 0.39577898 0.00000000 1.0000
0.78974076 0.39791866 0.00000000 1.0000
0.84093303 0.40162960 0.00000000 1.0000
0.87988003 0.41139576 0.00000000 1.0000
0.92520314 0.42302822 0.00000000 1.0000
0.96290172 0.44758190 0.00000000 1.0000
