22
0 0.00000000 0.00000000 0.00000000 0.00000000 0.00000000 0.00000000 0.00000000 0.00000000 0.00000000 0.00000000 1.00000000 1.00000000 1.00000000 1.00000000 1.00000000 1.00000000 1.00000000 1.00000000 1.00000000 1.00000000 1
22
0 0.00000000 0.00000000 0.00000000 0.00000000 0.00000000 0.00000000 0.00000000 0.00000000 0.00000000 0.00000000 1.00000000 1.00000000 1.00000000 1.00000000 1.00000000 1.00000000 1.00000000 1.00000000 1.00000000 1.00000000 1
121
1.00000000 1.00000000 0.00000000 1.0000
0.89013277 1.00000000 0.00000000 1.0000
0.78036786 1.00000000 0.00000000 1.0000
0.70151366 1.00000000 0.00000000 1.0000
0.60377141 1.00000000 0.00000000 1.0000
0.50078944 1.00000000 0.00000000 1.0000
0.40989719 1.00000000 0.00000000 1.0000
0.30534430 1.00000000 0.00000000 1.0000
0.20630459 1.00000000 0.00000000 1.0000
0.10352744 1.00000000 0.00000000 1.0000
0.00000000 1.00000000 0.00000000 1.0000
0.96290477 0.96290477 0.00000000 1.0000
0.86314929 0.96590912 0.00000000 1.0000
0.76379840 0.96779371 0.00000000 1.0000
0.68793598 0.97214572 0.00000000 1.0000
0.59769141 0.96469418 0.00000000 1.0000
0.50347332 0.97026098 0.00000000 1.0000
0.41832176 0.96348111 0.00000000 1.0000
0.32299351 0.96479734 0.00000000 1.0000
0.23159622 0.96136556 0.00000000 1.0000
0.13749863 0.95966588 0.00000000 1.0000
0.04274432 0.95725568 0.00000000 1.0000
0.92580955 0.92580955 0.00000000 1.0000
0.83616582 0.93181824 0.00000000 1.0000
0.74722893 0.93558742 0.00000000 1.0000
0.67435830 0.94429144 0.00000000 1.0000
0.59161141 0.92938836 0.00000000 1.0000
0.50615721 0.94052196 0.00000000 1.0000
0.42674634 0.92696222 0.00000000 1.0000
0.34064271 0.92959469 0.00000000 1.0000
0.25688785 0.92273112 0.00000000 1.0000
0.17146981 0.91933177 0.00000000 1.0000
0.08548864 0.91451136 0.00000000 1.0000
0.88871432 0.88871432 0.00000000 1.0000
0.80918234 0.89772735 0.00000000 1.0000
0.73065947 0.90338113 0.00000000 1.0000
0.66078062 0.91643716 0.00000000 1.0000
0.58553141 0.89408254 0.00000000 1.0000
0.50884110 0.91078294 0.00000000 1.0000
0.43517092 0.89044333 0.00000000 1.0000
0.35829192 0.89439203 0.00000000 1.0000
0.28217948 0.88409668 0.00000000 1.0000
0.20544099 0.87899765 0.00000000 1.0000
0.12823296 0.87176704 0.00000000 1.0000
0.85161909 0.85161909 0.00000000 1.0000
0.78219887 0.86363647 0.00000000 1.0000
0.71409001 0.87117484 0.00000000 1.0000
0.64720295 0.88858288 0.00000000 1.0000
0.57945141 0.85877671 0.00000000 1.0000
0.51152498 0.88104392 0.00000000 1.0000
0.44359550 0.85392444 0.00000000 1.0000
0.37594113 0.85918937 0.00000000 1.0000
0.30747112 0.84546224 0.00000000 1.0000
0.23941217 0.83866354 0.00000000 1.0000
0.17097728 0.82902272 0.00000000 1.0000
0.81452387 0.81452387 0.00000000 1.0000
0.75521539 0.82954559 0.00000000 1.0000
0.69752054 0.83896855 0.00000000 1.0000
0.63362527 0.86072860 0.00000000 1.0000
0.57337141 0.82347089 0.00000000 1.0000
0.51420887 0.85130490 0.00000000 1.0000
0.45202007 0.81740555 0.00000000 1.0000
0.39359034 0.82398672 0.00000000 1.0000
0.33276275 0.80682780 0.00000000 1.0000
0.27338336 0.79832942 0.00000000 1.0000
0.21372160 0.78627840 0.00000000 1.0000
0.77742864 0.77742864 0.00000000 1.0000
0.72823192 0.79545471 0.00000000 1.0000
0.68095108 0.80676227 0.00000000 1.0000
0.62004759 0.83287432 0.00000000 1.0000
0.56729141 0.78816507 0.00000000 1.0000
0.51689276 0.82156588 0.00000000 1.0000
0.46044465 0.78088666 0.00000000 1.0000
0.41123955 0.78878406 0.00000000 1.0000
0.35805438 0.76819336 0.00000000 1.0000
0.30735454 0.75799531 0.00000000 1.0000
0.25646591 0.74353409 0.00000000 1.0000
0.74033341 0.74033341 0.00000000 1.0000
0.70124844 0.76136382 0.00000000 1.0000
0.66438161 0.77455598 0.00000000 1.0000
0.60646992 0.80502004 0.00000000 1.0000
0.56121141 0.75285925 0.00000000 1.0000
0.51957664 0.79182686 0.00000000 1.0000
0.46886923 0.74436777 0.00000000 1.0000
0.42888876 0.75358141 0.00000000 1.0000
0.38334601 0.72955892 0.00000000 1.0000
0.34132572 0.71766119 0.00000000 1.0000
0.29921023 0.70078977 0.00000000 1.0000
0.70323819 0.70323819 0.00000000 1.0000
0.67426497 0.72727294 0.00000000 1.0000
0.64781215 0.74234969 0.00000000 1.0000
0.59289224 0.77716576 0.00000000 1.0000
0.55513141 0.71755343 0.00000000 1.0000
0.52226053 0.76208783 0.00000000 1.0000
0.47729381 0.70784888 0.00000000 1.0000
0.44653797 0.71837875 0.00000000 1.0000
0.40863764 0.69092448 0.00000000 1.0000
0.37529690 0.67732708 0.00000000 1.0000
0.34195455 0.65804545 0.00000000 1.0000
0.66614296 0.66614296 0.00000000 1.0000
0.64728150 0.69318206 0.00000000 1.0000
0.63124268 0.71014340 0.00000000 1.0000
0.57931456 0.74931148 0.00000000 1.0000
0.54905141 0.68224761 0.00000000 1.0000
0.52494442 0.73234881 0.00000000 1.0000
0.48571838 0.67132999 0.00000000 1.0000
0.46418718 0.68317609 0.00000000 1.0000
0.43392928 0.65229004 0.00000000 1.0000
0.40926809 0.63699296 0.00000000 1.0000
0.38469887 0.61530113 0.00000000 1.0000
0.62904773 0.62904773 0.00000000 1.0000
0.62029802 0.65909118 0.00000000 1.0000
0.61467322 0.67793711 0.00000000 1.0000
0.56573688 0.72145720 0.00000000 1.0000
0.54297141 0.64694179 0.00000000 1.0000
0.52762830 0.70260979 0.00000000 1.0000
0.49414296 0.63481110 0.00000000 1.0000
0.48183639 0.64797344 0.00000000 1.0000
0.45922091 0.61365560 0.00000000 1.0000
0.44323927 0.59665885 0.00000000 1.0000
0.42744319 0.57255681 0.00000000 1.0000
