22
0 0.00000000 0.00000000 0.00000000 0.00000000 0.00000000 0.00000000 0.00000000 0.00000000 0.00000000 0.00000000 1.00000000 1.00000000 1.00000000 1.00000000 1.00000000 1.00000000 1.00000000 1.00000000 1.00000000 1.00000000 1
22
0 0.00000000 0.00000000 0.00000000 0.00000000 0.00000000 0.00000000 0.00000000 0.00000000 0.00000000 0.00000000 1.00000000 1.00000000 1.00000000 1.00000000 1.00000000 1.00000000 1.00000000 1.00000000 1.00000000 1.00000000 1
121
1.50000000 1.00000000 0.00000000 1.0000
1.34632621 1.00000000 0.00000000 1.0000
1.19870863 1.00000000 0.00000000 1.0000
1.04512267 1.00000000 0.00000000 1.0000
0.90315062 1.00000000 0.00000000 1.0000
0.74567426 1.00000000 0.00000000 1.0000
0.60371273 1.00000000 0.00000000 1.0000
0.45162583 1.00000000 0.00000000 1.0000
0.30219586 1.00000000 0.00000000 1.0000
0.15348445 1.00000000 0.00000000 1.0000
0.00000000 1.00000000 0.00000000 1.0000
1.44629017 0.95524181 0.00000000 1.0000
1.30421391 0.95769718 0.00000000 1.0000
1.16682577 0.95886042 0.00000000 1.0000
1.02470371 0.95983704 0.00000000 1.0000
0.89180964 0.96020813 0.00000000 1.0000
0.74654237 0.96042210 0.00000000 1.0000
0.61367567 0.96024772 0.00000000 1.0000
0.47269877 0.95978533 0.00000000 1.0000
0.33389608 0.95889207 0.00000000 1.0000
0.19563486 0.95768985 0.00000000 1.0000
0.05370983 0.95524181 0.00000000 1.0000
1.39258034 0.91048362 0.00000000 1.0000
1.26210160 0.91539436 0.00000000 1.0000
1.13494291 0.91772085 0.00000000 1.0000
1.00428474 0.91967408 0.00000000 1.0000
0.88046865 0.92041627 0.00000000 1.0000
0.74741047 0.92084420 0.00000000 1.0000
0.62363860 0.92049544 0.00000000 1.0000
0.49377171 0.91957066 0.00000000 1.0000
0.36559630 0.91778414 0.00000000 1.0000
0.23778526 0.91537970 0.00000000 1.0000
0.10741966 0.91048362 0.00000000 1.0000
1.33887052 0.86572543 0.00000000 1.0000
1.21998929 0.87309153 0.00000000 1.0000
1.10306005 0.87658127 0.00000000 1.0000
0.98386578 0.87951112 0.00000000 1.0000
0.86912766 0.88062440 0.00000000 1.0000
0.74827858 0.88126631 0.00000000 1.0000
0.63360153 0.88074316 0.00000000 1.0000
0.51484465 0.87935599 0.00000000 1.0000
0.39729652 0.87667622 0.00000000 1.0000
0.27993566 0.87306954 0.00000000 1.0000
0.16112948 0.86572543 0.00000000 1.0000
1.28516069 0.82096724 0.00000000 1.0000
1.17787698 0.83078871 0.00000000 1.0000
1.07117719 0.83544170 0.00000000 1.0000
0.96344681 0.83934816 0.00000000 1.0000
0.85778668 0.84083254 0.00000000 1.0000
0.74914668 0.84168841 0.00000000 1.0000
0.64356447 0.84099089 0.00000000 1.0000
0.53591760 0.83914132 0.00000000 1.0000
0.42899674 0.83556829 0.00000000 1.0000
0.32208606 0.83075939 0.00000000 1.0000
0.21483931 0.82096724 0.00000000 1.0000
1.23145086 0.77620905 0.00000000 1.0000
1.13576468 0.78848589 0.00000000 1.0000
1.03929433 0.79430212 0.00000000 1.0000
0.94302785 0.79918520 0.00000000 1.0000
0.84644569 0.80104067 0.00000000 1.0000
0.75001479 0.80211051 0.00000000 1.0000
0.65352740 0.80123861 0.00000000 1.0000
0.55699054 0.79892665 0.00000000 1.0000
0.46069697 0.79446036 0.00000000 1.0000
0.36423647 0.78844924 0.00000000 1.0000
0.26854914 0.77620905 0.00000000 1.0000
1.17774103 0.73145086 0.00000000 1.0000
1.09365237 0.74618307 0.00000000 1.0000
1.00741147 0.75316254 0.00000000 1.0000
0.92260888 0.75902224 0.00000000 1.0000
0.83510470 0.76124881 0.00000000 1.0000
0.75088289 0.76253261 0.00000000 1.0000
0.66349033 0.76148633 0.00000000 1.0000
0.57806348 0.75871198 0.00000000 1.0000
0.49239719 0.75335243 0.00000000 1.0000
0.40638687 0.74613909 0.00000000 1.0000
0.32225897 0.73145086 0.00000000 1.0000
1.12403120 0.68669267 0.00000000 1.0000
1.05154006 0.70388025 0.00000000 1.0000
0.97552861 0.71202297 0.00000000 1.0000
0.90218992 0.71885928 0.00000000 1.0000
0.82376372 0.72145694 0.00000000 1.0000
0.75175100 0.72295472 0.00000000 1.0000
0.67345327 0.72173405 0.00000000 1.0000
0.59913643 0.71849731 0.00000000 1.0000
0.52409741 0.71224451 0.00000000 1.0000
0.44853727 0.70382894 0.00000000 1.0000
0.37596880 0.68669267 0.00000000 1.0000
1.07032138 0.64193448 0.00000000 1.0000
1.00942776 0.66157743 0.00000000 1.0000
0.94364575 0.67088339 0.00000000 1.0000
0.88177096 0.67869632 0.00000000 1.0000
0.81242273 0.68166507 0.00000000 1.0000
0.75261910 0.68337682 0.00000000 1.0000
0.68341620 0.68198177 0.00000000 1.0000
0.62020937 0.67828264 0.00000000 1.0000
0.55579763 0.67113658 0.00000000 1.0000
0.49068767 0.66151879 0.00000000 1.0000
0.42967862 0.64193448 0.00000000 1.0000
1.01661155 0.59717629 0.00000000 1.0000
0.96731545 0.61927460 0.00000000 1.0000
0.91176289 0.62974382 0.00000000 1.0000
0.86135199 0.63853336 0.00000000 1.0000
0.80108174 0.64187321 0.00000000 1.0000
0.75348721 0.64379892 0.00000000 1.0000
0.69337913 0.64222949 0.00000000 1.0000
0.64128231 0.63806797 0.00000000 1.0000
0.58749785 0.63002865 0.00000000 1.0000
0.53283808 0.61920863 0.00000000 1.0000
0.48338845 0.59717629 0.00000000 1.0000
0.96290172 0.55241810 0.00000000 1.0000
0.92520314 0.57697178 0.00000000 1.0000
0.87988003 0.58860424 0.00000000 1.0000
0.84093303 0.59837040 0.00000000 1.0000
0.78974076 0.60208134 0.00000000 1.0000
0.75435531 0.60422102 0.00000000 1.0000
0.70334206 0.60247722 0.00000000 1.0000
0.66235526 0.59785330 0.00000000 1.0000
0.61919807 0.58892072 0.00000000 1.0000
0.57498848 0.57689848 0.00000000 1.0000
0.53709828 0.55241810 0.00000000 1.0000
