22
0 0.00000000 0.00000000 0.00000000 0.00000000 0.00000000 0.00000000 0.00000000 0.00000000 0.00000000 0.00000000 1.00000000 1.00000000 1.00000000 1.00000000 1.00000000 1.00000000 1.00000000 1.00000000 1.00000000 1.00000000 1
22
0 0.00000000 0.00000000 0.00000000 0.00000000 0.00000000 0.00000000 0.00000000 0.00000000 0.00000000 0.00000000 1.00000000 1.00000000 1.00000000 1.00000000 1.00000000 1.00000000 1.00000000 1.00000000 1.00000000 1.00000000 1
121
0.00000000 1.00000000 0.00000000 1.0000
0.00000000 0.89013277 0.00000000 1.0000
0.00000000 0.78036786 0.00000000 1.0000
0.00000000 0.70151366 0.00000000 1.0000
0.00000000 0.60377141 0.00000000 1.0000
0.00000000 0.50078944 0.00000000 1.0000
0.00000000 0.40989719 0.00000000 1.0000
0.00000000 0.30534430 0.00000000 1.0000
0.00000000 0.20630459 0.00000000 1.0000
0.00000000 0.10352744 0.00000000 1.0000
0.00000000 0.00000000 0.00000000 1.0000
0.03709523 0.96290477 0.00000000 1.0000
0.03409088 0.86314929 0.00000000 1.0000
0.03220629 0.76379840 0.00000000 1.0000
0.02785428 0.68793598 0.00000000 1.0000
0.03530582 0.59769141 0.00000000 1.0000
0.02973902 0.50347332 0.00000000 1.0000
0.03651889 0.41832176 0.00000000 1.0000
0.03520266 0.32299351 0.00000000 1.0000
0.03863444 0.23159622 0.00000000 1.0000
0.04033412 0.13749863 0.00000000 1.0000
0.04274432 0.04274432 0.00000000 1.0000
0.07419045 0.92580955 0.00000000 1.0000
0.06818176 0.83616582 0.00000000 1.0000
0.06441258 0.74722893 0.00000000 1.0000
0.05570856 0.67435830 0.00000000 1.0000
0.07061164 0.59161141 0.00000000 1.0000
0.05947804 0.50615721 0.00000000 1.0000
0.07303778 0.42674634 0.00000000 1.0000
0.07040531 0.34064271 0.00000000 1.0000
0.07726888 0.25688785 0.00000000 1.0000
0.08066823 0.17146981 0.00000000 1.0000
0.08548864 0.08548864 0.00000000 1.0000
0.11128568 0.88871432 0.00000000 1.0000
0.10227265 0.80918234 0.00000000 1.0000
0.09661887 0.73065947 0.00000000 1.0000
0.08356284 0.66078062 0.00000000 1.0000
0.10591746 0.58553141 0.00000000 1.0000
0.08921706 0.50884110 0.00000000 1.0000
0.10955667 0.43517092 0.00000000 1.0000
0.10560797 0.35829192 0.00000000 1.0000
0.11590332 0.28217948 0.00000000 1.0000
0.12100235 0.20544099 0.00000000 1.0000
0.12823296 0.12823296 0.00000000 1.0000
0.14838091 0.85161909 0.00000000 1.0000
0.13636353 0.78219887 0.00000000 1.0000
0.12882516 0.71409001 0.00000000 1.0000
0.11141712 0.64720295 0.00000000 1.0000
0.14122328 0.57945141 0.00000000 1.0000
0.11895608 0.51152498 0.00000000 1.0000
0.14607556 0.44359550 0.00000000 1.0000
0.14081063 0.37594113 0.00000000 1.0000
0.15453776 0.30747112 0.00000000 1.0000
0.16133646 0.23941217 0.00000000 1.0000
0.17097728 0.17097728 0.00000000 1.0000
0.18547613 0.81452387 0.00000000 1.0000
0.17045441 0.75521539 0.00000000 1.0000
0.16103145 0.69752054 0.00000000 1.0000
0.13927140 0.63362527 0.00000000 1.0000
0.17652911 0.57337141 0.00000000 1.0000
0.14869510 0.51420887 0.00000000 1.0000
0.18259445 0.45202007 0.00000000 1.0000
0.17601328 0.39359034 0.00000000 1.0000
0.19317220 0.33276275 0.00000000 1.0000
0.20167058 0.27338336 0.00000000 1.0000
0.21372160 0.21372160 0.00000000 1.0000
0.22257136 0.77742864 0.00000000 1.0000
0.20454529 0.72823192 0.00000000 1.0000
0.19323773 0.68095108 0.00000000 1.0000
0.16712568 0.62004759 0.00000000 1.0000
0.21183493 0.56729141 0.00000000 1.0000
0.17843412 0.51689276 0.00000000 1.0000
0.21911334 0.46044465 0.00000000 1.0000
0.21121594 0.41123955 0.00000000 1.0000
0.23180664 0.35805438 0.00000000 1.0000
0.24200469 0.30735454 0.00000000 1.0000
0.25646591 0.25646591 0.00000000 1.0000
0.25966659 0.74033341 0.00000000 1.0000
0.23863618 0.70124844 0.00000000 1.0000
0.22544402 0.66438161 0.00000000 1.0000
0.19497996 0.60646992 0.00000000 1.0000
0.24714075 0.56121141 0.00000000 1.0000
0.20817314 0.51957664 0.00000000 1.0000
0.25563223 0.46886923 0.00000000 1.0000
0.24641859 0.42888876 0.00000000 1.0000
0.27044108 0.38334601 0.00000000 1.0000
0.28233881 0.34132572 0.00000000 1.0000
0.29921023 0.29921023 0.00000000 1.0000
0.29676181 0.70323819 0.00000000 1.0000
0.27272706 0.67426497 0.00000000 1.0000
0.25765031 0.64781215 0.00000000 1.0000
0.22283424 0.59289224 0.00000000 1.0000
0.28244657 0.55513141 0.00000000 1.0000
0.23791217 0.52226053 0.00000000 1.0000
0.29215112 0.47729381 0.00000000 1.0000
0.28162125 0.44653797 0.00000000 1.0000
0.30907552 0.40863764 0.00000000 1.0000
0.32267292 0.37529690 0.00000000 1.0000
0.34195455 0.34195455 0.00000000 1.0000
0.33385704 0.66614296 0.00000000 1.0000
0.30681794 0.64728150 0.00000000 1.0000
0.28985660 0.63124268 0.00000000 1.0000
0.25068852 0.57931456 0.00000000 1.0000
0.31775239 0.54905141 0.00000000 1.0000
0.26765119 0.52494442 0.00000000 1.0000
0.32867001 0.48571838 0.00000000 1.0000
0.31682391 0.46418718 0.00000000 1.0000
0.34770996 0.43392928 0.00000000 1.0000
0.36300704 0.40926809 0.00000000 1.0000
0.38469887 0.38469887 0.00000000 1.0000
0.37095227 0.62904773 0.00000000 1.0000
0.34090882 0.62029802 0.00000000 1.0000
0.32206289 0.61467322 0.00000000 1.0000
0.27854280 0.56573688 0.00000000 1.0000
0.35305821 0.54297141 0.00000000 1.0000
0.29739021 0.52762830 0.00000000 1.0000
0.36518890 0.49414296 0.00000000 1.0000
0.35202656 0.48183639 0.00000000 1.0000
0.38634440 0.45922091 0.00000000 1.0000
0.40334115 0.44323927 0.00000000 1.0000
0.42744319 0.42744319 0.00000000 1.0000
