22
0 0.00000000 0.00000000 0.00000000 0.00000000 0.00000000 0.00000000 0.00000000 0.00000000 0.00000000 0.00000000 1.00000000 1.00000000 1.00000000 1.00000000 1.00000000 1.00000000 1.00000000 1.00000000 1.00000000 1.00000000 1
22
0 0.00000000 0.00000000 0.00000000 0.00000000 0.00000000 0.00000000 0.00000000 0.00000000 0.00000000 0.00000000 1.00000000 1.00000000 1.00000000 1.00000000 1.00000000 1.00000000 1.00000000 1.00000000 1.00000000 1.00000000 1
121
0.00000000 0.00000000 0.00000000 1.0000
0.10494017 0.00000000 0.00000000 1.0000
0.22466945 0.00000000 0.00000000 1.0000
0.29143022 0.00000000 0.00000000 1.0000
0.43904572 0.00000000 0.00000000 1.0000
0.50206904 0.00000000 0.00000000 1.0000
0.55737075 0.00000000 0.00000000 1.0000
0.71083124 0.00000000 0.00000000 1.0000
0.77439221 0.00000000 0.00000000 1.0000
0.89531700 0.00000000 0.00000000 1.0000
1.00000000 0.00000000 0.00000000 1.0000
0.04105573 0.04105573 0.00000000 1.0000
0.13675955 0.03664544 0.00000000 1.0000
0.24345015 0.04004695 0.00000000 1.0000
0.31034423 0.01910944 0.00000000 1.0000
0.43771945 0.05290438 0.00000000 1.0000
0.50167657 -0.00201442 0.00000000 1.0000
0.55937759 0.05292537 0.00000000 1.0000
0.69148682 0.01909018 0.00000000 1.0000
0.75579094 0.04005233 0.00000000 1.0000
0.86344942 0.03663972 0.00000000 1.0000
0.95894427 0.04105573 0.00000000 1.0000
0.08211146 0.08211146 0.00000000 1.0000
0.16857893 0.07329087 0.00000000 1.0000
0.26223086 0.08009390 0.00000000 1.0000
0.32925825 0.03821889 0.00000000 1.0000
0.43639318 0.10580876 0.00000000 1.0000
0.50128409 -0.00402883 0.00000000 1.0000
0.56138444 0.10585073 0.00000000 1.0000
0.67214240 0.03818036 0.00000000 1.0000
0.73718968 0.08010466 0.00000000 1.0000
0.83158184 0.07327943 0.00000000 1.0000
0.91788854 0.08211146 0.00000000 1.0000
0.12316718 0.12316718 0.00000000 1.0000
0.20039830 0.10993631 0.00000000 1.0000
0.28101156 0.12014085 0.00000000 1.0000
0.34817226 0.05732833 0.00000000 1.0000
0.43506691 0.15871314 0.00000000 1.0000
0.50089161 -0.00604325 0.00000000 1.0000
0.56339128 0.15877610 0.00000000 1.0000
0.65279798 0.05727054 0.00000000 1.0000
0.71858842 0.12015700 0.00000000 1.0000
0.79971426 0.10991915 0.00000000 1.0000
0.87683282 0.12316718 0.00000000 1.0000
0.16422291 0.16422291 0.00000000 1.0000
0.23221768 0.14658175 0.00000000 1.0000
0.29979227 0.16018780 0.00000000 1.0000
0.36708627 0.07643777 0.00000000 1.0000
0.43374063 0.21161753 0.00000000 1.0000
0.50049914 -0.00805766 0.00000000 1.0000
0.56539812 0.21170147 0.00000000 1.0000
0.63345355 0.07636072 0.00000000 1.0000
0.69998715 0.16020933 0.00000000 1.0000
0.76784668 0.14655886 0.00000000 1.0000
0.83577709 0.16422291 0.00000000 1.0000
0.20527864 0.20527864 0.00000000 1.0000
0.26403705 0.18322719 0.00000000 1.0000
0.31857297 0.20023475 0.00000000 1.0000
0.38600028 0.09554722 0.00000000 1.0000
0.43241436 0.26452191 0.00000000 1.0000
0.50010666 -0.01007208 0.00000000 1.0000
0.56740497 0.26462684 0.00000000 1.0000
0.61410913 0.09545090 0.00000000 1.0000
0.68138589 0.20026166 0.00000000 1.0000
0.73597910 0.18319858 0.00000000 1.0000
0.79472136 0.20527864 0.00000000 1.0000
0.24633437 0.24633437 0.00000000 1.0000
0.29585643 0.21987262 0.00000000 1.0000
0.33735368 0.24028171 0.00000000 1.0000
0.40491430 0.11465666 0.00000000 1.0000
0.43108809 0.31742629 0.00000000 1.0000
0.49971418 -0.01208650 0.00000000 1.0000
0.56941181 0.31755220 0.00000000 1.0000
0.59476471 0.11454108 0.00000000 1.0000
0.66278462 0.24031399 0.00000000 1.0000
0.70411152 0.21983829 0.00000000 1.0000
0.75366563 0.24633437 0.00000000 1.0000
0.28739010 0.28739010 0.00000000 1.0000
0.32767581 0.25651806 0.00000000 1.0000
0.35613438 0.28032866 0.00000000 1.0000
0.42382831 0.13376610 0.00000000 1.0000
0.42976182 0.37033067 0.00000000 1.0000
0.49932171 -0.01410091 0.00000000 1.0000
0.57141866 0.37047757 0.00000000 1.0000
0.57542029 0.13363126 0.00000000 1.0000
0.64418336 0.28036632 0.00000000 1.0000
0.67224394 0.25647801 0.00000000 1.0000
0.71260990 0.28739010 0.00000000 1.0000
0.32844582 0.32844582 0.00000000 1.0000
0.35949518 0.29316350 0.00000000 1.0000
0.37491509 0.32037561 0.00000000 1.0000
0.44274232 0.15287555 0.00000000 1.0000
0.42843554 0.42323505 0.00000000 1.0000
0.49892923 -0.01611533 0.00000000 1.0000
0.57342550 0.42340294 0.00000000 1.0000
0.55607587 0.15272144 0.00000000 1.0000
0.62558209 0.32041866 0.00000000 1.0000
0.64037636 0.29311772 0.00000000 1.0000
0.67155418 0.32844582 0.00000000 1.0000
0.36950155 0.36950155 0.00000000 1.0000
0.39131456 0.32980893 0.00000000 1.0000
0.39369579 0.36042256 0.00000000 1.0000
0.46165633 0.17198499 0.00000000 1.0000
0.42710927 0.47613943 0.00000000 1.0000
0.49853675 -0.01812974 0.00000000 1.0000
0.57543234 0.47632830 0.00000000 1.0000
0.53673145 0.17181162 0.00000000 1.0000
0.60698083 0.36047099 0.00000000 1.0000
0.60850878 0.32975744 0.00000000 1.0000
0.63049845 0.36950155 0.00000000 1.0000
0.41055728 0.41055728 0.00000000 1.0000
0.42313393 0.36645437 0.00000000 1.0000
0.41247650 0.40046951 0.00000000 1.0000
0.48057035 0.19109444 0.00000000 1.0000
0.42578300 0.52904382 0.00000000 1.0000
0.49814427 -0.02014416 0.00000000 1.0000
0.57743919 0.52925367 0.00000000 1.0000
0.51738703 0.19090180 0.00000000 1.0000
0.58837956 0.40052332 0.00000000 1.0000
0.57664120 0.36639715 0.00000000 1.0000
0.58944272 0.41055728 0.00000000 1.0000
