24
0 0.00000000 0.00000000 0.00000000 0.00000000 0.00000000 0.00000000 0.00000000 0.00000000 0.00000000 0.00000000 0.00000000 1.00000000 1.00000000 1.00000000 1.00000000 1.00000000 1.00000000 1.00000000 1.00000000 1.00000000 1.00000000 1.00000000 1
24
0 0.00000000 0.00000000 0.00000000 0.00000000 0.00000000 0.00000000 0.00000000 0.00000000 0.00000000 0.00000000 0.00000000 1.00000000 1.00000000 1.00000000 1.00000000 1.00000000 1.00000000 1.00000000 1.00000000 1.00000000 1.00000000 1.00000000 1
144
0.00000000 1.00000000 0.00000000 1.0000
0.00000000 0.90631163 0.00000000 1.0000
0.00000000 0.81125075 0.00000000 1.0000
0.00000000 0.72676989 0.00000000 1.0000
0.00000000 0.62332107 0.00000000 1.0000
0.00000000 0.55517833 0.00000000 1.0000
0.00000000 0.44443312 0.00000000 1.0000
0.00000000 0.37758033 0.00000000 1.0000
0.00000000 0.27241318 0.00000000 1.0000
0.00000000 0.18911959 0.00000000 1.0000
0.00000000 0.09358514 0.00000000 1.0000
0.00000000 0.00000000 0.00000000 1.0000
0.01302271 0.96093188 0.00000000 1.0000
0.01181839 0.87489466 0.00000000 1.0000
0.01065908 0.78773279 0.00000000 1.0000
0.00986937 0.70916609 0.00000000 1.0000
0.00897522 0.61513643 0.00000000 1.0000
0.00865651 0.54986788 0.00000000 1.0000
0.00858330 0.44981281 0.00000000 1.0000
0.00904155 0.38560365 0.00000000 1.0000
0.00982434 0.29016304 0.00000000 1.0000
0.01067684 0.21257096 0.00000000 1.0000
0.01181303 0.12502041 0.00000000 1.0000
0.01302266 0.03906799 0.00000000 1.0000
0.02604541 0.92186376 0.00000000 1.0000
0.02363678 0.84347770 0.00000000 1.0000
0.02131816 0.76421482 0.00000000 1.0000
0.01973875 0.69156230 0.00000000 1.0000
0.01795045 0.60695179 0.00000000 1.0000
0.01731301 0.54455743 0.00000000 1.0000
0.01716661 0.45519250 0.00000000 1.0000
0.01808309 0.39362698 0.00000000 1.0000
0.01964868 0.30791290 0.00000000 1.0000
0.02135369 0.23602234 0.00000000 1.0000
0.02362606 0.15645567 0.00000000 1.0000
0.02604533 0.07813598 0.00000000 1.0000
0.03906812 0.88279565 0.00000000 1.0000
0.03545517 0.81206074 0.00000000 1.0000
0.03197723 0.74069686 0.00000000 1.0000
0.02960812 0.67395851 0.00000000 1.0000
0.02692567 0.59876715 0.00000000 1.0000
0.02596952 0.53924699 0.00000000 1.0000
0.02574991 0.46057219 0.00000000 1.0000
0.02712464 0.40165030 0.00000000 1.0000
0.02947301 0.32566276 0.00000000 1.0000
0.03203053 0.25947371 0.00000000 1.0000
0.03543908 0.18789094 0.00000000 1.0000
0.03906799 0.11720397 0.00000000 1.0000
0.05209082 0.84372753 0.00000000 1.0000
0.04727357 0.78064377 0.00000000 1.0000
0.04263631 0.71717889 0.00000000 1.0000
0.03947749 0.65635471 0.00000000 1.0000
0.03590090 0.59058251 0.00000000 1.0000
0.03462602 0.53393654 0.00000000 1.0000
0.03433321 0.46595188 0.00000000 1.0000
0.03616618 0.40967362 0.00000000 1.0000
0.03929735 0.34341261 0.00000000 1.0000
0.04270737 0.28292509 0.00000000 1.0000
0.04725211 0.21932620 0.00000000 1.0000
0.05209065 0.15627196 0.00000000 1.0000
0.06511353 0.80465941 0.00000000 1.0000
0.05909196 0.74922681 0.00000000 1.0000
0.05329539 0.69366093 0.00000000 1.0000
0.04934687 0.63875092 0.00000000 1.0000
0.04487612 0.58239787 0.00000000 1.0000
0.04328253 0.52862609 0.00000000 1.0000
0.04291651 0.47133157 0.00000000 1.0000
0.04520773 0.41769694 0.00000000 1.0000
0.04912169 0.36116247 0.00000000 1.0000
0.05338422 0.30637646 0.00000000 1.0000
0.05906514 0.25076146 0.00000000 1.0000
0.06511332 0.19533995 0.00000000 1.0000
0.07813624 0.76559129 0.00000000 1.0000
0.07091035 0.71780984 0.00000000 1.0000
0.06395447 0.67014296 0.00000000 1.0000
0.05921624 0.62114713 0.00000000 1.0000
0.05385135 0.57421323 0.00000000 1.0000
0.05193903 0.52331565 0.00000000 1.0000
0.05149982 0.47671126 0.00000000 1.0000
0.05424927 0.42572026 0.00000000 1.0000
0.05894603 0.37891233 0.00000000 1.0000
0.06406106 0.32982784 0.00000000 1.0000
0.07087817 0.28219673 0.00000000 1.0000
0.07813598 0.23440794 0.00000000 1.0000
0.09115894 0.72652318 0.00000000 1.0000
0.08272874 0.68639288 0.00000000 1.0000
0.07461355 0.64662500 0.00000000 1.0000
0.06908562 0.60354333 0.00000000 1.0000
0.06282657 0.56602860 0.00000000 1.0000
0.06059554 0.51800520 0.00000000 1.0000
0.06008312 0.48209096 0.00000000 1.0000
0.06329082 0.43374359 0.00000000 1.0000
0.06877037 0.39666219 0.00000000 1.0000
0.07473790 0.35327921 0.00000000 1.0000
0.08269120 0.31363199 0.00000000 1.0000
0.09115864 0.27347592 0.00000000 1.0000
0.10418165 0.68745506 0.00000000 1.0000
0.09454713 0.65497591 0.00000000 1.0000
0.08527263 0.62310704 0.00000000 1.0000
0.07895499 0.58593954 0.00000000 1.0000
0.07180180 0.55784396 0.00000000 1.0000
0.06925204 0.51269476 0.00000000 1.0000
0.06866642 0.48747065 0.00000000 1.0000
0.07233236 0.44176691 0.00000000 1.0000
0.07859470 0.41441205 0.00000000 1.0000
0.08541475 0.37673059 0.00000000 1.0000
0.09450423 0.34506726 0.00000000 1.0000
0.10418130 0.31254391 0.00000000 1.0000
0.11720435 0.64838694 0.00000000 1.0000
0.10636552 0.62355895 0.00000000 1.0000
0.09593170 0.59958907 0.00000000 1.0000
0.08882436 0.56833574 0.00000000 1.0000
0.08077702 0.54965932 0.00000000 1.0000
0.07790855 0.50738431 0.00000000 1.0000
0.07724972 0.49285034 0.00000000 1.0000
0.08137391 0.44979023 0.00000000 1.0000
0.08841904 0.43216190 0.00000000 1.0000
0.09609159 0.40018196 0.00000000 1.0000
0.10631725 0.37650252 0.00000000 1.0000
0.11720397 0.35161190 0.00000000 1.0000
0.13022706 0.60931882 0.00000000 1.0000
0.11818391 0.59214199 0.00000000 1.0000
0.10659078 0.57607111 0.00000000 1.0000
0.09869374 0.55073195 0.00000000 1.0000
0.08975225 0.54147468 0.00000000 1.0000
0.08656505 0.50207386 0.00000000 1.0000
0.08583303 0.49823003 0.00000000 1.0000
0.09041545 0.45781355 0.00000000 1.0000
0.09824338 0.44991176 0.00000000 1.0000
0.10676843 0.42363334 0.00000000 1.0000
0.11813028 0.40793778 0.00000000 1.0000
0.13022663 0.39067989 0.00000000 1.0000
0.14324976 0.57025071 0.00000000 1.0000
0.13000231 0.56072502 0.00000000 1.0000
0.11724986 0.55255314 0.00000000 1.0000
0.10856311 0.53312816 0.00000000 1.0000
0.09872747 0.53329004 0.00000000 1.0000
0.09522156 0.49676341 0.00000000 1.0000
0.09441633 0.50360972 0.00000000 1.0000
0.09945700 0.46583688 0.00000000 1.0000
0.10806772 0.46766162 0.00000000 1.0000
0.11744527 0.44708471 0.00000000 1.0000
0.12994331 0.43937305 0.00000000 1.0000
0.14324929 0.42974788 0.00000000 1.0000
