22
0 0.00000000 0.00000000 0.00000000 0.00000000 0.00000000 0.00000000 0.00000000 0.00000000 0.00000000 0.00000000 1.00000000 1.00000000 1.00000000 1.00000000 1.00000000 1.00000000 1.00000000 1.00000000 1.00000000 1.00000000 1
22
0 0.00000000 0.00000000 0.00000000 0.00000000 0.00000000 0.00000000 0.00000000 0.00000000 0.00000000 0.00000000 1.00000000 1.00000000 1.00000000 1.00000000 1.00000000 1.00000000 1.00000000 1.00000000 1.00000000 1.00000000 1
121
1.50000000 1.00000000 0.00000000 1.0000
1.34844117 1.00000000 0.00000000 1.0000
1.19659458 1.00000000 0.00000000 1.0000
1.04840913 1.00000000 0.00000000 1.0000
0.89558364 1.00000000 0.00000000 1.0000
0.75088470 1.00000000 0.00000000 1.0000
0.60289158 1.00000000 0.00000000 1.0000
0.45254487 1.00000000 0.00000000 1.0000
0.30300229 1.00000000 0.00000000 1.0000
0.15165079 1.00000000 0.00000000 1.0000
0.00000000 1.00000000 0.00000000 1.0000
1.42800000 0.95800000 0.00000000 1.0000
1.29115880 0.95867974 0.00000000 1.0000
1.15408981 0.95901592 0.00000000 1.0000
1.01993395 0.96021195 0.00000000 1.0000
0.88208614 0.95927283 0.00000000 1.0000
0.75070957 0.96147738 0.00000000 1.0000
0.61669091 0.95928512 0.00000000 1.0000
0.48083122 0.96019797 0.00000000 1.0000
0.34558686 0.95902315 0.00000000 1.0000
0.20891495 0.95867847 0.00000000 1.0000
0.07200000 0.95800000 0.00000000 1.0000
1.35600000 0.91600000 0.00000000 1.0000
1.23387642 0.91735949 0.00000000 1.0000
1.11158504 0.91803183 0.00000000 1.0000
0.99145876 0.92042390 0.00000000 1.0000
0.86858863 0.91854566 0.00000000 1.0000
0.75053445 0.92295476 0.00000000 1.0000
0.63049025 0.91857025 0.00000000 1.0000
0.50911757 0.92039594 0.00000000 1.0000
0.38817143 0.91804630 0.00000000 1.0000
0.26617912 0.91735694 0.00000000 1.0000
0.14400000 0.91600000 0.00000000 1.0000
1.28400000 0.87400000 0.00000000 1.0000
1.17659404 0.87603923 0.00000000 1.0000
1.06908027 0.87704775 0.00000000 1.0000
0.96298358 0.88063584 0.00000000 1.0000
0.85509112 0.87781849 0.00000000 1.0000
0.75035932 0.88443213 0.00000000 1.0000
0.64428958 0.87785537 0.00000000 1.0000
0.53740391 0.88059391 0.00000000 1.0000
0.43075599 0.87706946 0.00000000 1.0000
0.32344328 0.87603542 0.00000000 1.0000
0.21600000 0.87400000 0.00000000 1.0000
1.21200000 0.83200000 0.00000000 1.0000
1.11931166 0.83471897 0.00000000 1.0000
1.02657550 0.83606366 0.00000000 1.0000
0.93450840 0.84084779 0.00000000 1.0000
0.84159362 0.83709132 0.00000000 1.0000
0.75018420 0.84590951 0.00000000 1.0000
0.65808891 0.83714049 0.00000000 1.0000
0.56569026 0.84079188 0.00000000 1.0000
0.47334056 0.83609261 0.00000000 1.0000
0.38070744 0.83471389 0.00000000 1.0000
0.28800000 0.83200000 0.00000000 1.0000
1.14000000 0.79000000 0.00000000 1.0000
1.06202928 0.79339872 0.00000000 1.0000
0.98407073 0.79507958 0.00000000 1.0000
0.90603321 0.80105974 0.00000000 1.0000
0.82809611 0.79636415 0.00000000 1.0000
0.75000907 0.80738689 0.00000000 1.0000
0.67188824 0.79642562 0.00000000 1.0000
0.59397661 0.80098986 0.00000000 1.0000
0.51592513 0.79511576 0.00000000 1.0000
0.43797160 0.79339236 0.00000000 1.0000
0.36000000 0.79000000 0.00000000 1.0000
1.06800000 0.74800000 0.00000000 1.0000
1.00474690 0.75207846 0.00000000 1.0000
0.94156596 0.75409549 0.00000000 1.0000
0.87755803 0.76127169 0.00000000 1.0000
0.81459860 0.75563698 0.00000000 1.0000
0.74983395 0.76886427 0.00000000 1.0000
0.68568757 0.75571074 0.00000000 1.0000
0.62226296 0.76118783 0.00000000 1.0000
0.55850970 0.75413891 0.00000000 1.0000
0.49523576 0.75207083 0.00000000 1.0000
0.43200000 0.74800000 0.00000000 1.0000
0.99600000 0.70600000 0.00000000 1.0000
0.94746452 0.71075820 0.00000000 1.0000
0.89906120 0.71311141 0.00000000 1.0000
0.84908285 0.72148363 0.00000000 1.0000
0.80110110 0.71490981 0.00000000 1.0000
0.74965882 0.73034165 0.00000000 1.0000
0.69948690 0.71499586 0.00000000 1.0000
0.65054930 0.72138580 0.00000000 1.0000
0.60109427 0.71316206 0.00000000 1.0000
0.55249992 0.71074931 0.00000000 1.0000
0.50400000 0.70600000 0.00000000 1.0000
0.92400000 0.66400000 0.00000000 1.0000
0.89018214 0.66943794 0.00000000 1.0000
0.85655643 0.67212732 0.00000000 1.0000
0.82060766 0.68169558 0.00000000 1.0000
0.78760359 0.67418264 0.00000000 1.0000
0.74948370 0.69181903 0.00000000 1.0000
0.71328623 0.67428099 0.00000000 1.0000
0.67883565 0.68158377 0.00000000 1.0000
0.64367884 0.67218522 0.00000000 1.0000
0.60976408 0.66942778 0.00000000 1.0000
0.57600000 0.66400000 0.00000000 1.0000
0.85200000 0.62200000 0.00000000 1.0000
0.83289976 0.62811769 0.00000000 1.0000
0.81405166 0.63114324 0.00000000 1.0000
0.79213248 0.64190753 0.00000000 1.0000
0.77410608 0.63345547 0.00000000 1.0000
0.74930857 0.65329640 0.00000000 1.0000
0.72708556 0.63356611 0.00000000 1.0000
0.70712200 0.64178174 0.00000000 1.0000
0.68626340 0.63120837 0.00000000 1.0000
0.66702825 0.62810625 0.00000000 1.0000
0.64800000 0.62200000 0.00000000 1.0000
0.78000000 0.58000000 0.00000000 1.0000
0.77561738 0.58679743 0.00000000 1.0000
0.77154689 0.59015915 0.00000000 1.0000
0.76365730 0.60211947 0.00000000 1.0000
0.76060858 0.59272830 0.00000000 1.0000
0.74913345 0.61477378 0.00000000 1.0000
0.74088489 0.59285124 0.00000000 1.0000
0.73540835 0.60197971 0.00000000 1.0000
0.72884797 0.59023152 0.00000000 1.0000
0.72429241 0.58678472 0.00000000 1.0000
0.72000000 0.58000000 0.00000000 1.0000
