22
0 0.00000000 0.00000000 0.00000000 0.00000000 0.00000000 0.00000000 0.00000000 0.00000000 0.00000000 0.00000000 1.00000000 1.00000000 1.00000000 1.00000000 1.00000000 1.00000000 1.00000000 1.00000000 1.00000000 1.00000000 1
22
0 0.00000000 0.00000000 0.00000000 0.00000000 0.00000000 0.00000000 0.00000000 0.00000000 0.00000000 0.00000000 1.00000000 1.00000000 1.00000000 1.00000000 1.00000000 1.00000000 1.00000000 1.00000000 1.00000000 1.00000000 1
121
0.00000000 0.00000000 0.00000000 1.0000
0.10360639 0.00000000 0.00000000 1.0000
0.20581356 0.00000000 0.00000000 1.0000
0.30721186 0.00000000 0.00000000 1.0000
0.40532079 0.00000000 0.00000000 1.0000
0.50845683 0.00000000 0.00000000 1.0000
0.59496761 0.00000000 0.00000000 1.0000
0.70845220 0.00000000 0.00000000 1.0000
0.77679614 0.00000000 0.00000000 1.0000
0.89114038 0.00000000 0.00000000 1.0000
1.00000000 0.00000000 0.00000000 1.0000
0.04274432 0.04274432 0.00000000 1.0000
0.13755758 0.04029965 0.00000000 1.0000
0.23121929 0.03876661 0.00000000 1.0000
0.32445573 0.03492639 0.00000000 1.0000
0.41470224 0.03690807 0.00000000 1.0000
0.50957108 0.02934570 0.00000000 1.0000
0.59066908 0.03561238 0.00000000 1.0000
0.69348064 0.02766270 0.00000000 1.0000
0.76094018 0.03229908 0.00000000 1.0000
0.86395688 0.03406282 0.00000000 1.0000
0.96290477 0.03709523 0.00000000 1.0000
0.08548864 0.08548864 0.00000000 1.0000
0.17150877 0.08059930 0.00000000 1.0000
0.25662502 0.07753322 0.00000000 1.0000
0.34169961 0.06985279 0.00000000 1.0000
0.42408369 0.07381615 0.00000000 1.0000
0.51068533 0.05869141 0.00000000 1.0000
0.58637054 0.07122476 0.00000000 1.0000
0.67850909 0.05532540 0.00000000 1.0000
0.74508421 0.06459817 0.00000000 1.0000
0.83677338 0.06812564 0.00000000 1.0000
0.92580955 0.07419045 0.00000000 1.0000
0.12823296 0.12823296 0.00000000 1.0000
0.20545996 0.12089894 0.00000000 1.0000
0.28203075 0.11629983 0.00000000 1.0000
0.35894348 0.10477918 0.00000000 1.0000
0.43346514 0.11072422 0.00000000 1.0000
0.51179957 0.08803711 0.00000000 1.0000
0.58207200 0.10683713 0.00000000 1.0000
0.66353754 0.08298809 0.00000000 1.0000
0.72922824 0.09689725 0.00000000 1.0000
0.80958988 0.10218846 0.00000000 1.0000
0.88871432 0.11128568 0.00000000 1.0000
0.17097728 0.17097728 0.00000000 1.0000
0.23941115 0.16119859 0.00000000 1.0000
0.30743648 0.15506644 0.00000000 1.0000
0.37618735 0.13970558 0.00000000 1.0000
0.44284659 0.14763230 0.00000000 1.0000
0.51291382 0.11738282 0.00000000 1.0000
0.57777347 0.14244951 0.00000000 1.0000
0.64856598 0.11065079 0.00000000 1.0000
0.71337227 0.12919633 0.00000000 1.0000
0.78240637 0.13625128 0.00000000 1.0000
0.85161909 0.14838091 0.00000000 1.0000
0.21372160 0.21372160 0.00000000 1.0000
0.27336234 0.20149824 0.00000000 1.0000
0.33284221 0.19383306 0.00000000 1.0000
0.39343123 0.17463197 0.00000000 1.0000
0.45222804 0.18454037 0.00000000 1.0000
0.51402807 0.14672852 0.00000000 1.0000
0.57347493 0.17806189 0.00000000 1.0000
0.63359443 0.13831349 0.00000000 1.0000
0.69751630 0.16149542 0.00000000 1.0000
0.75522287 0.17031410 0.00000000 1.0000
0.81452387 0.18547613 0.00000000 1.0000
0.25646591 0.25646591 0.00000000 1.0000
0.30731353 0.24179789 0.00000000 1.0000
0.35824794 0.23259967 0.00000000 1.0000
0.41067510 0.20955836 0.00000000 1.0000
0.46160949 0.22144845 0.00000000 1.0000
0.51514231 0.17607423 0.00000000 1.0000
0.56917640 0.21367427 0.00000000 1.0000
0.61862288 0.16597619 0.00000000 1.0000
0.68166033 0.19379450 0.00000000 1.0000
0.72803937 0.20437692 0.00000000 1.0000
0.77742864 0.22257136 0.00000000 1.0000
0.29921023 0.29921023 0.00000000 1.0000
0.34126472 0.28209753 0.00000000 1.0000
0.38365367 0.27136628 0.00000000 1.0000
0.42791898 0.24448476 0.00000000 1.0000
0.47099094 0.25835652 0.00000000 1.0000
0.51625656 0.20541993 0.00000000 1.0000
0.56487786 0.24928665 0.00000000 1.0000
0.60365133 0.19363889 0.00000000 1.0000
0.66580436 0.22609358 0.00000000 1.0000
0.70085587 0.23843974 0.00000000 1.0000
0.74033341 0.25966659 0.00000000 1.0000
0.34195455 0.34195455 0.00000000 1.0000
0.37521591 0.32239718 0.00000000 1.0000
0.40905941 0.31013289 0.00000000 1.0000
0.44516285 0.27941115 0.00000000 1.0000
0.48037239 0.29526460 0.00000000 1.0000
0.51737081 0.23476564 0.00000000 1.0000
0.56057933 0.28489902 0.00000000 1.0000
0.58867977 0.22130159 0.00000000 1.0000
0.64994840 0.25839266 0.00000000 1.0000
0.67367236 0.27250256 0.00000000 1.0000
0.70323819 0.29676181 0.00000000 1.0000
0.38469887 0.38469887 0.00000000 1.0000
0.40916710 0.36269683 0.00000000 1.0000
0.43446514 0.34889950 0.00000000 1.0000
0.46240672 0.31433754 0.00000000 1.0000
0.48975384 0.33217267 0.00000000 1.0000
0.51848505 0.26411134 0.00000000 1.0000
0.55628079 0.32051140 0.00000000 1.0000
0.57370822 0.24896428 0.00000000 1.0000
0.63409243 0.29069175 0.00000000 1.0000
0.64648886 0.30656538 0.00000000 1.0000
0.66614296 0.33385704 0.00000000 1.0000
0.42744319 0.42744319 0.00000000 1.0000
0.44311829 0.40299648 0.00000000 1.0000
0.45987087 0.38766611 0.00000000 1.0000
0.47965060 0.34926394 0.00000000 1.0000
0.49913530 0.36908075 0.00000000 1.0000
0.51959930 0.29345704 0.00000000 1.0000
0.55198226 0.35612378 0.00000000 1.0000
0.55873667 0.27662698 0.00000000 1.0000
0.61823646 0.32299083 0.00000000 1.0000
0.61930536 0.34062820 0.00000000 1.0000
0.62904773 0.37095227 0.00000000 1.0000
