22
0 0.00000000 0.00000000 0.00000000 0.00000000 0.00000000 0.00000000 0.00000000 0.00000000 0.00000000 0.00000000 1.00000000 1.00000000 1.00000000 1.00000000 1.00000000 1.00000000 1.00000000 1.00000000 1.00000000 1.00000000 1
22
0 0.00000000 0.00000000 0.00000000 0.00000000 0.00000000 0.00000000 0.00000000 0.00000000 0.00000000 0.00000000 1.00000000 1.00000000 1.00000000 1.00000000 1.00000000 1.00000000 1.00000000 1.00000000 1.00000000 1.00000000 1
121
0.00000000 1.00000000 0.00000000 1.0000
0.00000000 0.89867871 0.00000000 1.0000
0.00000000 0.79897458 0.00000000 1.0000
0.00000000 0.69872755 0.00000000 1.0000
0.00000000 0.59973287 0.00000000 1.0000
0.00000000 0.49995994 0.00000000 1.0000
0.00000000 0.40032250 0.00000000 1.0000
0.00000000 0.30125506 0.00000000 1.0000
0.00000000 0.20103820 0.00000000 1.0000
0.00000000 0.10132056 0.00000000 1.0000
0.00000000 0.00000000 0.00000000 1.0000
0.09678401 0.95765700 0.00000000 1.0000
0.09596353 0.86509012 0.00000000 1.0000
0.09543203 0.77379543 0.00000000 1.0000
0.09511512 0.68206268 0.00000000 1.0000
0.09486470 0.59132684 0.00000000 1.0000
0.09487132 0.49996811 0.00000000 1.0000
0.09486374 0.40871720 0.00000000 1.0000
0.09511608 0.31792358 0.00000000 1.0000
0.09543176 0.22621473 0.00000000 1.0000
0.09596372 0.13490932 0.00000000 1.0000
0.09678401 0.04234300 0.00000000 1.0000
0.19356802 0.91531399 0.00000000 1.0000
0.19192706 0.83150153 0.00000000 1.0000
0.19086405 0.74861628 0.00000000 1.0000
0.19023025 0.66539780 0.00000000 1.0000
0.18972940 0.58292081 0.00000000 1.0000
0.18974264 0.49997627 0.00000000 1.0000
0.18972749 0.41711190 0.00000000 1.0000
0.19023215 0.33459209 0.00000000 1.0000
0.19086352 0.25139127 0.00000000 1.0000
0.19192744 0.16849807 0.00000000 1.0000
0.19356802 0.08468601 0.00000000 1.0000
0.29035203 0.87297099 0.00000000 1.0000
0.28789059 0.79791294 0.00000000 1.0000
0.28629608 0.72343713 0.00000000 1.0000
0.28534537 0.64873293 0.00000000 1.0000
0.28459409 0.57451478 0.00000000 1.0000
0.28461396 0.49998444 0.00000000 1.0000
0.28459123 0.42550659 0.00000000 1.0000
0.28534823 0.35126061 0.00000000 1.0000
0.28629527 0.27656780 0.00000000 1.0000
0.28789116 0.20208683 0.00000000 1.0000
0.29035203 0.12702901 0.00000000 1.0000
0.38713603 0.83062799 0.00000000 1.0000
0.38385411 0.76432435 0.00000000 1.0000
0.38172811 0.69825798 0.00000000 1.0000
0.38046049 0.63206806 0.00000000 1.0000
0.37945879 0.56610875 0.00000000 1.0000
0.37948528 0.49999261 0.00000000 1.0000
0.37945498 0.43390129 0.00000000 1.0000
0.38046430 0.36792912 0.00000000 1.0000
0.38172703 0.30174434 0.00000000 1.0000
0.38385488 0.23567559 0.00000000 1.0000
0.38713603 0.16937201 0.00000000 1.0000
0.48392004 0.78828498 0.00000000 1.0000
0.47981764 0.73073577 0.00000000 1.0000
0.47716013 0.67307882 0.00000000 1.0000
0.47557562 0.61540318 0.00000000 1.0000
0.47432349 0.55770272 0.00000000 1.0000
0.47435660 0.50000077 0.00000000 1.0000
0.47431872 0.44229598 0.00000000 1.0000
0.47558038 0.38459764 0.00000000 1.0000
0.47715879 0.32692087 0.00000000 1.0000
0.47981860 0.26926435 0.00000000 1.0000
0.48392004 0.21171502 0.00000000 1.0000
0.58070405 0.74594198 0.00000000 1.0000
0.57578117 0.69714718 0.00000000 1.0000
0.57259216 0.64789967 0.00000000 1.0000
0.57069074 0.59873831 0.00000000 1.0000
0.56918819 0.54929669 0.00000000 1.0000
0.56922791 0.50000894 0.00000000 1.0000
0.56918247 0.45069068 0.00000000 1.0000
0.57069645 0.40126615 0.00000000 1.0000
0.57259055 0.35209741 0.00000000 1.0000
0.57578232 0.30285310 0.00000000 1.0000
0.58070405 0.25405802 0.00000000 1.0000
0.67748806 0.70359897 0.00000000 1.0000
0.67174470 0.66355859 0.00000000 1.0000
0.66802418 0.62272052 0.00000000 1.0000
0.66580586 0.58207344 0.00000000 1.0000
0.66405289 0.54089066 0.00000000 1.0000
0.66409923 0.50001711 0.00000000 1.0000
0.66404621 0.45908538 0.00000000 1.0000
0.66581253 0.41793467 0.00000000 1.0000
0.66802231 0.37727394 0.00000000 1.0000
0.67174604 0.33644186 0.00000000 1.0000
0.67748806 0.29640103 0.00000000 1.0000
0.77427207 0.66125597 0.00000000 1.0000
0.76770823 0.62997000 0.00000000 1.0000
0.76345621 0.59754137 0.00000000 1.0000
0.76092099 0.56540856 0.00000000 1.0000
0.75891758 0.53248463 0.00000000 1.0000
0.75897055 0.50002527 0.00000000 1.0000
0.75890996 0.46748007 0.00000000 1.0000
0.76092860 0.43460318 0.00000000 1.0000
0.76345406 0.40245048 0.00000000 1.0000
0.76770976 0.37003062 0.00000000 1.0000
0.77427207 0.33874403 0.00000000 1.0000
0.87105608 0.61891297 0.00000000 1.0000
0.86367176 0.59638141 0.00000000 1.0000
0.85888824 0.57236221 0.00000000 1.0000
0.85603611 0.54874369 0.00000000 1.0000
0.85378228 0.52407860 0.00000000 1.0000
0.85384187 0.50003344 0.00000000 1.0000
0.85377370 0.47587477 0.00000000 1.0000
0.85604468 0.45127170 0.00000000 1.0000
0.85888582 0.42762701 0.00000000 1.0000
0.86367348 0.40361938 0.00000000 1.0000
0.87105608 0.38108703 0.00000000 1.0000
0.96784008 0.57656996 0.00000000 1.0000
0.95963528 0.56279283 0.00000000 1.0000
0.95432026 0.54718306 0.00000000 1.0000
0.95115123 0.53207882 0.00000000 1.0000
0.94864698 0.51567257 0.00000000 1.0000
0.94871319 0.50004161 0.00000000 1.0000
0.94863745 0.48426946 0.00000000 1.0000
0.95116075 0.46794021 0.00000000 1.0000
0.95431758 0.45280354 0.00000000 1.0000
0.95963720 0.43720813 0.00000000 1.0000
0.96784008 0.42343004 0.00000000 1.0000
