22
0 0.00000000 0.00000000 0.00000000 0.00000000 0.00000000 0.00000000 0.00000000 0.00000000 0.00000000 0.00000000 1.00000000 1.00000000 1.00000000 1.00000000 1.00000000 1.00000000 1.00000000 1.00000000 1.00000000 1.00000000 1
22
0 0.00000000 0.00000000 0.00000000 0.00000000 0.00000000 0.00000000 0.00000000 0.00000000 0.00000000 0.00000000 1.00000000 1.00000000 1.00000000 1.00000000 1.00000000 1.00000000 1.00000000 1.00000000 1.00000000 1.00000000 1
121
1.00000000 1.00000000 0.00000000 1.0000
0.89923082 1.00000000 0.00000000 1.0000
0.79889955 1.00000000 0.00000000 1.0000
0.69936392 1.00000000 0.00000000 1.0000
0.59961559 1.00000000 0.00000000 1.0000
0.50000436 1.00000000 0.00000000 1.0000
0.40038818 1.00000000 0.00000000 1.0000
0.30064319 1.00000000 0.00000000 1.0000
0.20110235 1.00000000 0.00000000 1.0000
0.10077087 1.00000000 0.00000000 1.0000
0.00000000 1.00000000 0.00000000 1.0000
0.95832050 0.95832050 0.00000000 1.0000
0.86605527 0.95902012 0.00000000 1.0000
0.77413037 0.95952878 0.00000000 1.0000
0.68283377 0.95993180 0.00000000 1.0000
0.59136532 0.96003025 0.00000000 1.0000
0.50000391 0.96027922 0.00000000 1.0000
0.40863696 0.96003018 0.00000000 1.0000
0.31717240 0.95993168 0.00000000 1.0000
0.22587094 0.95952872 0.00000000 1.0000
0.13394614 0.95902005 0.00000000 1.0000
0.04167950 0.95832050 0.00000000 1.0000
0.91664101 0.91664101 0.00000000 1.0000
0.83287972 0.91804024 0.00000000 1.0000
0.74936118 0.91905757 0.00000000 1.0000
0.66630363 0.91986361 0.00000000 1.0000
0.58311505 0.92006050 0.00000000 1.0000
0.50000346 0.92055845 0.00000000 1.0000
0.41688574 0.92006036 0.00000000 1.0000
0.33370160 0.91986336 0.00000000 1.0000
0.25063954 0.91905743 0.00000000 1.0000
0.16712141 0.91804011 0.00000000 1.0000
0.08335899 0.91664101 0.00000000 1.0000
0.87496151 0.87496151 0.00000000 1.0000
0.79970417 0.87706036 0.00000000 1.0000
0.72459200 0.87858635 0.00000000 1.0000
0.64977349 0.87979541 0.00000000 1.0000
0.57486478 0.88009074 0.00000000 1.0000
0.50000301 0.88083767 0.00000000 1.0000
0.42513452 0.88009054 0.00000000 1.0000
0.35023080 0.87979504 0.00000000 1.0000
0.27540814 0.87858615 0.00000000 1.0000
0.20029668 0.87706016 0.00000000 1.0000
0.12503849 0.87496151 0.00000000 1.0000
0.83328201 0.83328201 0.00000000 1.0000
0.76652862 0.83608048 0.00000000 1.0000
0.69982281 0.83811513 0.00000000 1.0000
0.63324334 0.83972722 0.00000000 1.0000
0.56661451 0.84012099 0.00000000 1.0000
0.50000257 0.84111690 0.00000000 1.0000
0.43338330 0.84012072 0.00000000 1.0000
0.36676001 0.83972672 0.00000000 1.0000
0.30017673 0.83811487 0.00000000 1.0000
0.23347195 0.83608022 0.00000000 1.0000
0.16671799 0.83328201 0.00000000 1.0000
0.79160251 0.79160251 0.00000000 1.0000
0.73335307 0.79510060 0.00000000 1.0000
0.67505363 0.79764391 0.00000000 1.0000
0.61671320 0.79965902 0.00000000 1.0000
0.55836424 0.80015124 0.00000000 1.0000
0.50000212 0.80139612 0.00000000 1.0000
0.44163209 0.80015090 0.00000000 1.0000
0.38328921 0.79965840 0.00000000 1.0000
0.32494533 0.79764359 0.00000000 1.0000
0.26664722 0.79510027 0.00000000 1.0000
0.20839749 0.79160251 0.00000000 1.0000
0.74992302 0.74992302 0.00000000 1.0000
0.70017752 0.75412072 0.00000000 1.0000
0.65028445 0.75717270 0.00000000 1.0000
0.60018306 0.75959083 0.00000000 1.0000
0.55011397 0.76018149 0.00000000 1.0000
0.50000167 0.76167535 0.00000000 1.0000
0.44988087 0.76018108 0.00000000 1.0000
0.39981841 0.75959008 0.00000000 1.0000
0.34971392 0.75717230 0.00000000 1.0000
0.29982249 0.75412033 0.00000000 1.0000
0.25007698 0.74992302 0.00000000 1.0000
0.70824352 0.70824352 0.00000000 1.0000
0.66700197 0.71314084 0.00000000 1.0000
0.62551526 0.71670148 0.00000000 1.0000
0.58365291 0.71952263 0.00000000 1.0000
0.54186370 0.72021173 0.00000000 1.0000
0.50000122 0.72195457 0.00000000 1.0000
0.45812965 0.72021126 0.00000000 1.0000
0.41634761 0.71952176 0.00000000 1.0000
0.37448252 0.71670102 0.00000000 1.0000
0.33299776 0.71314038 0.00000000 1.0000
0.29175648 0.70824352 0.00000000 1.0000
0.66656402 0.66656402 0.00000000 1.0000
0.63382642 0.67216096 0.00000000 1.0000
0.60074608 0.67623026 0.00000000 1.0000
0.56712277 0.67945444 0.00000000 1.0000
0.53361343 0.68024198 0.00000000 1.0000
0.50000077 0.68223380 0.00000000 1.0000
0.46637843 0.68024144 0.00000000 1.0000
0.43287682 0.67945344 0.00000000 1.0000
0.39925112 0.67622974 0.00000000 1.0000
0.36617303 0.67216043 0.00000000 1.0000
0.33343598 0.66656402 0.00000000 1.0000
0.62488453 0.62488453 0.00000000 1.0000
0.60065087 0.63118108 0.00000000 1.0000
0.57597689 0.63575904 0.00000000 1.0000
0.55059263 0.63938624 0.00000000 1.0000
0.52536316 0.64027223 0.00000000 1.0000
0.50000032 0.64251302 0.00000000 1.0000
0.47462721 0.64027162 0.00000000 1.0000
0.44940602 0.63938512 0.00000000 1.0000
0.42401971 0.63575845 0.00000000 1.0000
0.39934830 0.63118049 0.00000000 1.0000
0.37511547 0.62488453 0.00000000 1.0000
0.58320503 0.58320503 0.00000000 1.0000
0.56747532 0.59020120 0.00000000 1.0000
0.55120771 0.59528783 0.00000000 1.0000
0.53406248 0.59931804 0.00000000 1.0000
0.51711290 0.60030248 0.00000000 1.0000
0.49999988 0.60279225 0.00000000 1.0000
0.48287599 0.60030180 0.00000000 1.0000
0.46593522 0.59931680 0.00000000 1.0000
0.44878831 0.59528717 0.00000000 1.0000
0.43252357 0.59020054 0.00000000 1.0000
0.41679497 0.58320503 0.00000000 1.0000
