22
0 0.00000000 0.00000000 0.00000000 0.00000000 0.00000000 0.00000000 0.00000000 0.00000000 0.00000000 0.00000000 1.00000000 1.00000000 1.00000000 1.00000000 1.00000000 1.00000000 1.00000000 1.00000000 1.00000000 1.00000000 1
22
0 0.00000000 0.00000000 0.00000000 0.00000000 0.00000000 0.00000000 0.00000000 0.00000000 0.00000000 0.00000000 1.00000000 1.00000000 1.00000000 1.00000000 1.00000000 1.00000000 1.00000000 1.00000000 1.00000000 1.00000000 1
121
1.50000000 0.00000000 0.00000000 1.0000
1.50000000 0.10238582 0.00000000 1.0000
1.50000000 0.20549441 0.00000000 1.0000
1.50000000 0.30266488 0.00000000 1.0000
1.50000000 0.40668261 0.00000000 1.0000
1.50000000 0.50054055 0.00000000 1.0000
1.50000000 0.59244135 0.00000000 1.0000
1.50000000 0.69777521 0.00000000 1.0000
1.50000000 0.79438817 0.00000000 1.0000
1.50000000 0.89764422 0.00000000 1.0000
1.50000000 1.00000000 0.00000000 1.0000
1.44629017 0.04475819 0.00000000 1.0000
1.44751163 0.13769049 0.00000000 1.0000
1.44822251 0.23117641 0.00000000 1.0000
1.45018644 0.32002333 0.00000000 1.0000
1.44883692 0.41418324 0.00000000 1.0000
1.45261684 0.50042902 0.00000000 1.0000
1.44885446 0.58512220 0.00000000 1.0000
1.45016178 0.68032418 0.00000000 1.0000
1.44823983 0.76873206 0.00000000 1.0000
1.44750779 0.86233303 0.00000000 1.0000
1.44629017 0.95524181 0.00000000 1.0000
1.39258034 0.08951638 0.00000000 1.0000
1.39502326 0.17299516 0.00000000 1.0000
1.39644501 0.25685842 0.00000000 1.0000
1.40037289 0.33738177 0.00000000 1.0000
1.39767384 0.42168387 0.00000000 1.0000
1.40523368 0.50031749 0.00000000 1.0000
1.39770892 0.57780304 0.00000000 1.0000
1.40032356 0.66287315 0.00000000 1.0000
1.39647966 0.74307594 0.00000000 1.0000
1.39501558 0.82702184 0.00000000 1.0000
1.39258034 0.91048362 0.00000000 1.0000
1.33887052 0.13427457 0.00000000 1.0000
1.34253489 0.20829982 0.00000000 1.0000
1.34466752 0.28254043 0.00000000 1.0000
1.35055933 0.35474022 0.00000000 1.0000
1.34651076 0.42918450 0.00000000 1.0000
1.35785052 0.50020596 0.00000000 1.0000
1.34656338 0.57048389 0.00000000 1.0000
1.35048533 0.64542212 0.00000000 1.0000
1.34471949 0.71741982 0.00000000 1.0000
1.34252337 0.79171065 0.00000000 1.0000
1.33887052 0.86572543 0.00000000 1.0000
1.28516069 0.17903276 0.00000000 1.0000
1.29004652 0.24360449 0.00000000 1.0000
1.29289003 0.30822243 0.00000000 1.0000
1.30074578 0.37209866 0.00000000 1.0000
1.29534768 0.43668513 0.00000000 1.0000
1.31046736 0.50009442 0.00000000 1.0000
1.29541784 0.56316473 0.00000000 1.0000
1.30064711 0.62797109 0.00000000 1.0000
1.29295932 0.69176370 0.00000000 1.0000
1.29003116 0.75639946 0.00000000 1.0000
1.28516069 0.82096724 0.00000000 1.0000
1.23145086 0.22379095 0.00000000 1.0000
1.23755815 0.27890916 0.00000000 1.0000
1.24111253 0.33390444 0.00000000 1.0000
1.25093222 0.38945711 0.00000000 1.0000
1.24418460 0.44418576 0.00000000 1.0000
1.26308420 0.49998289 0.00000000 1.0000
1.24427230 0.55584557 0.00000000 1.0000
1.25080889 0.61052006 0.00000000 1.0000
1.24119914 0.66610759 0.00000000 1.0000
1.23753896 0.72108827 0.00000000 1.0000
1.23145086 0.77620905 0.00000000 1.0000
1.17774103 0.26854914 0.00000000 1.0000
1.18506978 0.31421382 0.00000000 1.0000
1.18933504 0.35958645 0.00000000 1.0000
1.20111867 0.40681555 0.00000000 1.0000
1.19302152 0.45168639 0.00000000 1.0000
1.21570104 0.49987136 0.00000000 1.0000
1.19312676 0.54852642 0.00000000 1.0000
1.20097067 0.59306903 0.00000000 1.0000
1.18943897 0.64045147 0.00000000 1.0000
1.18504675 0.68577708 0.00000000 1.0000
1.17774103 0.73145086 0.00000000 1.0000
1.12403120 0.31330733 0.00000000 1.0000
1.13258141 0.34951849 0.00000000 1.0000
1.13755755 0.38526845 0.00000000 1.0000
1.15130511 0.42417400 0.00000000 1.0000
1.14185844 0.45918702 0.00000000 1.0000
1.16831788 0.49975983 0.00000000 1.0000
1.14198122 0.54120726 0.00000000 1.0000
1.15113244 0.57561800 0.00000000 1.0000
1.13767880 0.61479535 0.00000000 1.0000
1.13255454 0.65046589 0.00000000 1.0000
1.12403120 0.68669267 0.00000000 1.0000
1.07032138 0.35806552 0.00000000 1.0000
1.08009304 0.38482316 0.00000000 1.0000
1.08578006 0.41095046 0.00000000 1.0000
1.10149156 0.44153244 0.00000000 1.0000
1.09069536 0.46668765 0.00000000 1.0000
1.12093472 0.49964830 0.00000000 1.0000
1.09083568 0.53388810 0.00000000 1.0000
1.10129422 0.55816697 0.00000000 1.0000
1.08591863 0.58913924 0.00000000 1.0000
1.08006233 0.61515470 0.00000000 1.0000
1.07032138 0.64193448 0.00000000 1.0000
1.01661155 0.40282371 0.00000000 1.0000
1.02760467 0.42012782 0.00000000 1.0000
1.03400256 0.43663247 0.00000000 1.0000
1.05167800 0.45889088 0.00000000 1.0000
1.03953229 0.47418828 0.00000000 1.0000
1.07355156 0.49953677 0.00000000 1.0000
1.03969014 0.52656895 0.00000000 1.0000
1.05145600 0.54071594 0.00000000 1.0000
1.03415846 0.56348312 0.00000000 1.0000
1.02757012 0.57984351 0.00000000 1.0000
1.01661155 0.59717629 0.00000000 1.0000
0.96290172 0.44758190 0.00000000 1.0000
0.97511630 0.45543249 0.00000000 1.0000
0.98222507 0.46231447 0.00000000 1.0000
1.00186445 0.47624933 0.00000000 1.0000
0.98836921 0.48168891 0.00000000 1.0000
1.02616840 0.49942523 0.00000000 1.0000
0.98854460 0.51924979 0.00000000 1.0000
1.00161778 0.52326491 0.00000000 1.0000
0.98239829 0.53782700 0.00000000 1.0000
0.97507791 0.54453232 0.00000000 1.0000
0.96290172 0.55241810 0.00000000 1.0000
