10
0 0.00000000 0.00000000 0.00000000 0.00000000 1.00000000 1.00000000 1.00000000 1.00000000 1
11
0 0.00000000 0.00000000 0.00000000 0.00000000 0.50000000 1.00000000 1.00000000 1.00000000 1.00000000 1
30
0.58944272 0.41055728 0.00000000 1.0000
0.64076238 0.35923762 0.00000000 1.0000
0.74340170 0.25659830 0.00000000 1.0000
0.84604102 0.15395898 0.00000000 1.0000
0.94868034 0.05131966 0.00000000 1.0000
1.00000000 0.00000000 0.00000000 1.0000
0.62957294 0.42127573 0.00000000 1.0000
0.67587632 0.38541739 0.00000000 1.0000
0.76848309 0.31370070 0.00000000 1.0000
0.86108985 0.24198401 0.00000000 1.0000
0.95369662 0.17026732 0.00000000 1.0000
1.00000000 0.13440897 0.00000000 1.0000
0.66416658 0.43507059 0.00000000 1.0000
0.70614576 0.41393672 0.00000000 1.0000
0.79010411 0.37166897 0.00000000 1.0000
0.87406247 0.32940123 0.00000000 1.0000
0.95802082 0.28713349 0.00000000 1.0000
1.00000000 0.26599962 0.00000000 1.0000
0.70010093 0.46385876 0.00000000 1.0000
0.73758831 0.45404704 0.00000000 1.0000
0.81256308 0.43442361 0.00000000 1.0000
0.88753785 0.41480018 0.00000000 1.0000
0.96251262 0.39517675 0.00000000 1.0000
1.00000000 0.38536504 0.00000000 1.0000
0.70000000 0.50000000 0.00000000 1.0000
0.73750000 0.50000000 0.00000000 1.0000
0.81250000 0.50000000 0.00000000 1.0000
0.88750000 0.50000000 0.00000000 1.0000
0.96250000 0.50000000 0.00000000 1.0000
1.00000000 0.50000000 0.00000000 1.0000
