22
0 0.00000000 0.00000000 0.00000000 0.00000000 0.00000000 0.00000000 0.00000000 0.00000000 0.00000000 0.00000000 1.00000000 1.00000000 1.00000000 1.00000000 1.00000000 1.00000000 1.00000000 1.00000000 1.00000000 1.00000000 1
22
0 0.00000000 0.00000000 0.00000000 0.00000000 0.00000000 0.00000000 0.00000000 0.00000000 0.00000000 0.00000000 1.00000000 1.00000000 1.00000000 1.00000000 1.00000000 1.00000000 1.00000000 1.00000000 1.00000000 1.00000000 1
121
0.00000000 1.00000000 0.00000000 1.0000
0.00000000 0.89761418 0.00000000 1.0000
0.00000000 0.79450559 0.00000000 1.0000
0.00000000 0.69733512 0.00000000 1.0000
0.00000000 0.59331739 0.00000000 1.0000
0.00000000 0.49945945 0.00000000 1.0000
0.00000000 0.40755865 0.00000000 1.0000
0.00000000 0.30222479 0.00000000 1.0000
0.00000000 0.20561183 0.00000000 1.0000
0.00000000 0.10235578 0.00000000 1.0000
0.00000000 0.00000000 0.00000000 1.0000
0.05370983 0.95524181 0.00000000 1.0000
0.05248837 0.86230951 0.00000000 1.0000
0.05177749 0.76882359 0.00000000 1.0000
0.04981356 0.67997667 0.00000000 1.0000
0.05116308 0.58581676 0.00000000 1.0000
0.04738316 0.49957098 0.00000000 1.0000
0.05114554 0.41487780 0.00000000 1.0000
0.04983822 0.31967582 0.00000000 1.0000
0.05176017 0.23126794 0.00000000 1.0000
0.05249221 0.13766697 0.00000000 1.0000
0.05370983 0.04475819 0.00000000 1.0000
0.10741966 0.91048362 0.00000000 1.0000
0.10497674 0.82700484 0.00000000 1.0000
0.10355499 0.74314158 0.00000000 1.0000
0.09962711 0.66261823 0.00000000 1.0000
0.10232616 0.57831613 0.00000000 1.0000
0.09476632 0.49968251 0.00000000 1.0000
0.10229108 0.42219696 0.00000000 1.0000
0.09967644 0.33712685 0.00000000 1.0000
0.10352034 0.25692406 0.00000000 1.0000
0.10498442 0.17297816 0.00000000 1.0000
0.10741966 0.08951638 0.00000000 1.0000
0.16112948 0.86572543 0.00000000 1.0000
0.15746511 0.79170018 0.00000000 1.0000
0.15533248 0.71745957 0.00000000 1.0000
0.14944067 0.64525978 0.00000000 1.0000
0.15348924 0.57081550 0.00000000 1.0000
0.14214948 0.49979404 0.00000000 1.0000
0.15343662 0.42951611 0.00000000 1.0000
0.14951467 0.35457788 0.00000000 1.0000
0.15528051 0.28258018 0.00000000 1.0000
0.15747663 0.20828935 0.00000000 1.0000
0.16112948 0.13427457 0.00000000 1.0000
0.21483931 0.82096724 0.00000000 1.0000
0.20995348 0.75639551 0.00000000 1.0000
0.20710997 0.69177757 0.00000000 1.0000
0.19925422 0.62790134 0.00000000 1.0000
0.20465232 0.56331487 0.00000000 1.0000
0.18953264 0.49990558 0.00000000 1.0000
0.20458216 0.43683527 0.00000000 1.0000
0.19935289 0.37202891 0.00000000 1.0000
0.20704068 0.30823630 0.00000000 1.0000
0.20996884 0.24360054 0.00000000 1.0000
0.21483931 0.17903276 0.00000000 1.0000
0.26854914 0.77620905 0.00000000 1.0000
0.26244185 0.72109084 0.00000000 1.0000
0.25888747 0.66609556 0.00000000 1.0000
0.24906778 0.61054289 0.00000000 1.0000
0.25581540 0.55581424 0.00000000 1.0000
0.23691580 0.50001711 0.00000000 1.0000
0.25572770 0.44415443 0.00000000 1.0000
0.24919111 0.38947994 0.00000000 1.0000
0.25880086 0.33389241 0.00000000 1.0000
0.26246104 0.27891173 0.00000000 1.0000
0.26854914 0.22379095 0.00000000 1.0000
0.32225897 0.73145086 0.00000000 1.0000
0.31493022 0.68578618 0.00000000 1.0000
0.31066496 0.64041355 0.00000000 1.0000
0.29888133 0.59318445 0.00000000 1.0000
0.30697848 0.54831361 0.00000000 1.0000
0.28429896 0.50012864 0.00000000 1.0000
0.30687324 0.45147358 0.00000000 1.0000
0.29902933 0.40693097 0.00000000 1.0000
0.31056103 0.35954853 0.00000000 1.0000
0.31495325 0.31422292 0.00000000 1.0000
0.32225897 0.26854914 0.00000000 1.0000
0.37596880 0.68669267 0.00000000 1.0000
0.36741859 0.65048151 0.00000000 1.0000
0.36244245 0.61473155 0.00000000 1.0000
0.34869489 0.57582600 0.00000000 1.0000
0.35814156 0.54081298 0.00000000 1.0000
0.33168212 0.50024017 0.00000000 1.0000
0.35801878 0.45879274 0.00000000 1.0000
0.34886756 0.42438200 0.00000000 1.0000
0.36232120 0.38520465 0.00000000 1.0000
0.36744546 0.34953411 0.00000000 1.0000
0.37596880 0.31330733 0.00000000 1.0000
0.42967862 0.64193448 0.00000000 1.0000
0.41990696 0.61517684 0.00000000 1.0000
0.41421994 0.58904954 0.00000000 1.0000
0.39850844 0.55846756 0.00000000 1.0000
0.40930464 0.53331235 0.00000000 1.0000
0.37906528 0.50035170 0.00000000 1.0000
0.40916432 0.46611190 0.00000000 1.0000
0.39870578 0.44183303 0.00000000 1.0000
0.41408137 0.41086076 0.00000000 1.0000
0.41993767 0.38484530 0.00000000 1.0000
0.42967862 0.35806552 0.00000000 1.0000
0.48338845 0.59717629 0.00000000 1.0000
0.47239533 0.57987218 0.00000000 1.0000
0.46599744 0.56336753 0.00000000 1.0000
0.44832200 0.54110912 0.00000000 1.0000
0.46046771 0.52581172 0.00000000 1.0000
0.42644844 0.50046323 0.00000000 1.0000
0.46030986 0.47343105 0.00000000 1.0000
0.44854400 0.45928406 0.00000000 1.0000
0.46584154 0.43651688 0.00000000 1.0000
0.47242988 0.42015649 0.00000000 1.0000
0.48338845 0.40282371 0.00000000 1.0000
0.53709828 0.55241810 0.00000000 1.0000
0.52488370 0.54456751 0.00000000 1.0000
0.51777493 0.53768553 0.00000000 1.0000
0.49813555 0.52375067 0.00000000 1.0000
0.51163079 0.51831109 0.00000000 1.0000
0.47383160 0.50057477 0.00000000 1.0000
0.51145540 0.48075021 0.00000000 1.0000
0.49838222 0.47673509 0.00000000 1.0000
0.51760171 0.46217300 0.00000000 1.0000
0.52492209 0.45546768 0.00000000 1.0000
0.53709828 0.44758190 0.00000000 1.0000
