22
0 0.00000000 0.00000000 0.00000000 0.00000000 0.00000000 0.00000000 0.00000000 0.00000000 0.00000000 0.00000000 1.00000000 1.00000000 1.00000000 1.00000000 1.00000000 1.00000000 1.00000000 1.00000000 1.00000000 1.00000000 1
22
0 0.00000000 0.00000000 0.00000000 0.00000000 0.00000000 0.00000000 0.00000000 0.00000000 0.00000000 0.00000000 1.00000000 1.00000000 1.00000000 1.00000000 1.00000000 1.00000000 1.00000000 1.00000000 1.00000000 1.00000000 1
121
0.00000000 1.00000000 0.00000000 1.0000
0.00000000 0.89763282 0.00000000 1.0000
0.00000000 0.79685070 0.00000000 1.0000
0.00000000 0.69602980 0.00000000 1.0000
0.00000000 0.59882568 0.00000000 1.0000
0.00000000 0.49861836 0.00000000 1.0000
0.00000000 0.40354586 0.00000000 1.0000
0.00000000 0.30251376 0.00000000 1.0000
0.00000000 0.20373375 0.00000000 1.0000
0.00000000 0.10222221 0.00000000 1.0000
0.00000000 0.00000000 0.00000000 1.0000
0.08800000 0.95600000 0.00000000 1.0000
0.08693828 0.86293536 0.00000000 1.0000
0.08604261 0.77112861 0.00000000 1.0000
0.08523110 0.67926712 0.00000000 1.0000
0.08488438 0.59029919 0.00000000 1.0000
0.08441848 0.49889317 0.00000000 1.0000
0.08489404 0.41160056 0.00000000 1.0000
0.08522170 0.31956626 0.00000000 1.0000
0.08604601 0.22933943 0.00000000 1.0000
0.08693688 0.13694851 0.00000000 1.0000
0.08800000 0.04400000 0.00000000 1.0000
0.17600000 0.91200000 0.00000000 1.0000
0.17387656 0.82823790 0.00000000 1.0000
0.17208521 0.74540653 0.00000000 1.0000
0.17046220 0.66250443 0.00000000 1.0000
0.16976876 0.58177271 0.00000000 1.0000
0.16883696 0.49916799 0.00000000 1.0000
0.16978808 0.41965527 0.00000000 1.0000
0.17044339 0.33661875 0.00000000 1.0000
0.17209202 0.25494512 0.00000000 1.0000
0.17387375 0.17167480 0.00000000 1.0000
0.17600000 0.08800000 0.00000000 1.0000
0.26400000 0.86800000 0.00000000 1.0000
0.26081484 0.79354043 0.00000000 1.0000
0.25812782 0.71968444 0.00000000 1.0000
0.25569329 0.64574175 0.00000000 1.0000
0.25465315 0.57324622 0.00000000 1.0000
0.25325544 0.49944280 0.00000000 1.0000
0.25468212 0.42770997 0.00000000 1.0000
0.25566509 0.35367124 0.00000000 1.0000
0.25813803 0.28055080 0.00000000 1.0000
0.26081063 0.20640109 0.00000000 1.0000
0.26400000 0.13200000 0.00000000 1.0000
0.35200000 0.82400000 0.00000000 1.0000
0.34775312 0.75884297 0.00000000 1.0000
0.34417043 0.69396236 0.00000000 1.0000
0.34092439 0.62897906 0.00000000 1.0000
0.33953753 0.56471973 0.00000000 1.0000
0.33767392 0.49971762 0.00000000 1.0000
0.33957616 0.43576468 0.00000000 1.0000
0.34088678 0.37072374 0.00000000 1.0000
0.34418404 0.30615648 0.00000000 1.0000
0.34774750 0.24112739 0.00000000 1.0000
0.35200000 0.17600000 0.00000000 1.0000
0.44000000 0.78000000 0.00000000 1.0000
0.43469140 0.72414551 0.00000000 1.0000
0.43021304 0.66824027 0.00000000 1.0000
0.42615549 0.61221638 0.00000000 1.0000
0.42442191 0.55619324 0.00000000 1.0000
0.42209240 0.49999243 0.00000000 1.0000
0.42447020 0.44381939 0.00000000 1.0000
0.42610848 0.38777623 0.00000000 1.0000
0.43023005 0.33176216 0.00000000 1.0000
0.43468438 0.27585368 0.00000000 1.0000
0.44000000 0.22000000 0.00000000 1.0000
0.52800000 0.73600000 0.00000000 1.0000
0.52162968 0.68944805 0.00000000 1.0000
0.51625564 0.64251819 0.00000000 1.0000
0.51138659 0.59545369 0.00000000 1.0000
0.50930629 0.54766675 0.00000000 1.0000
0.50651088 0.50026724 0.00000000 1.0000
0.50936423 0.45187409 0.00000000 1.0000
0.51133017 0.40482873 0.00000000 1.0000
0.51627606 0.35736785 0.00000000 1.0000
0.52162125 0.31057997 0.00000000 1.0000
0.52800000 0.26400000 0.00000000 1.0000
0.61600000 0.69200000 0.00000000 1.0000
0.60856796 0.65475059 0.00000000 1.0000
0.60229825 0.61679610 0.00000000 1.0000
0.59661769 0.57869101 0.00000000 1.0000
0.59419068 0.53914027 0.00000000 1.0000
0.59092936 0.50054206 0.00000000 1.0000
0.59425827 0.45992880 0.00000000 1.0000
0.59655187 0.42188122 0.00000000 1.0000
0.60232206 0.38297353 0.00000000 1.0000
0.60855813 0.34530627 0.00000000 1.0000
0.61600000 0.30800000 0.00000000 1.0000
0.70400000 0.64800000 0.00000000 1.0000
0.69550625 0.62005313 0.00000000 1.0000
0.68834086 0.59107402 0.00000000 1.0000
0.68184878 0.56192832 0.00000000 1.0000
0.67907506 0.53061378 0.00000000 1.0000
0.67534784 0.50081687 0.00000000 1.0000
0.67915231 0.46798350 0.00000000 1.0000
0.68177357 0.43893372 0.00000000 1.0000
0.68836807 0.40857921 0.00000000 1.0000
0.69549501 0.38003256 0.00000000 1.0000
0.70400000 0.35200000 0.00000000 1.0000
0.79200000 0.60400000 0.00000000 1.0000
0.78244453 0.58535566 0.00000000 1.0000
0.77438346 0.56535193 0.00000000 1.0000
0.76707988 0.54516564 0.00000000 1.0000
0.76395944 0.52208729 0.00000000 1.0000
0.75976632 0.50109169 0.00000000 1.0000
0.76404635 0.47603821 0.00000000 1.0000
0.76699526 0.45598621 0.00000000 1.0000
0.77441408 0.43418490 0.00000000 1.0000
0.78243188 0.41475885 0.00000000 1.0000
0.79200000 0.39600000 0.00000000 1.0000
0.88000000 0.56000000 0.00000000 1.0000
0.86938281 0.55065820 0.00000000 1.0000
0.86042607 0.53962985 0.00000000 1.0000
0.85231098 0.52840295 0.00000000 1.0000
0.84884382 0.51356080 0.00000000 1.0000
0.84418480 0.50136650 0.00000000 1.0000
0.84894039 0.48409292 0.00000000 1.0000
0.85221696 0.47303871 0.00000000 1.0000
0.86046009 0.45979058 0.00000000 1.0000
0.86936876 0.44948515 0.00000000 1.0000
0.88000000 0.44000000 0.00000000 1.0000
