22
0 0.00000000 0.00000000 0.00000000 0.00000000 0.00000000 0.00000000 0.00000000 0.00000000 0.00000000 0.00000000 1.00000000 1.00000000 1.00000000 1.00000000 1.00000000 1.00000000 1.00000000 1.00000000 1.00000000 1.00000000 1
22
0 0.00000000 0.00000000 0.00000000 0.00000000 0.00000000 0.00000000 0.00000000 0.00000000 0.00000000 0.00000000 1.00000000 1.00000000 1.00000000 1.00000000 1.00000000 1.00000000 1.00000000 1.00000000 1.00000000 1.00000000 1
121
2.00000000 0.00000000 0.00000000 1.0000
2.00000000 0.10236499 0.00000000 1.0000
2.00000000 0.20491600 0.00000000 1.0000
2.00000000 0.30299960 0.00000000 1.0000
2.00000000 0.40602973 0.00000000 1.0000
2.00000000 0.50001609 0.00000000 1.0000
2.00000000 0.59388369 0.00000000 1.0000
2.00000000 0.69714052 0.00000000 1.0000
2.00000000 0.79502423 0.00000000 1.0000
2.00000000 0.89764501 0.00000000 1.0000
2.00000000 1.00000000 0.00000000 1.0000
1.92146790 0.04487548 0.00000000 1.0000
1.92269692 0.13776883 0.00000000 1.0000
1.92308034 0.23079169 0.00000000 1.0000
1.92573951 0.32033532 0.00000000 1.0000
1.92303021 0.41369546 0.00000000 1.0000
1.92848304 0.50001814 0.00000000 1.0000
1.92300909 0.58622616 0.00000000 1.0000
1.92576371 0.67978259 0.00000000 1.0000
1.92306939 0.76915816 0.00000000 1.0000
1.92269930 0.86223970 0.00000000 1.0000
1.92146790 0.95512452 0.00000000 1.0000
1.84293581 0.08975097 0.00000000 1.0000
1.84539384 0.17317266 0.00000000 1.0000
1.84616068 0.25666739 0.00000000 1.0000
1.85147901 0.33767105 0.00000000 1.0000
1.84606043 0.42136119 0.00000000 1.0000
1.85696608 0.50002018 0.00000000 1.0000
1.84601817 0.57856863 0.00000000 1.0000
1.85152741 0.66242466 0.00000000 1.0000
1.84613877 0.74329209 0.00000000 1.0000
1.84539860 0.82683438 0.00000000 1.0000
1.84293581 0.91024903 0.00000000 1.0000
1.76440371 0.13462645 0.00000000 1.0000
1.76809076 0.20857649 0.00000000 1.0000
1.76924101 0.28254308 0.00000000 1.0000
1.77721852 0.35500677 0.00000000 1.0000
1.76909064 0.42902692 0.00000000 1.0000
1.78544912 0.50002223 0.00000000 1.0000
1.76902726 0.57091111 0.00000000 1.0000
1.77729112 0.64506673 0.00000000 1.0000
1.76920816 0.71742603 0.00000000 1.0000
1.76809789 0.79142906 0.00000000 1.0000
1.76440371 0.86537355 0.00000000 1.0000
1.68587161 0.17950194 0.00000000 1.0000
1.69078768 0.24398033 0.00000000 1.0000
1.69232135 0.30841878 0.00000000 1.0000
1.70295803 0.37234250 0.00000000 1.0000
1.69212086 0.43669265 0.00000000 1.0000
1.71393216 0.50002427 0.00000000 1.0000
1.69203634 0.56325358 0.00000000 1.0000
1.70305482 0.62770880 0.00000000 1.0000
1.69227754 0.69155996 0.00000000 1.0000
1.69079719 0.75602375 0.00000000 1.0000
1.68587161 0.82049806 0.00000000 1.0000
1.60733951 0.22437742 0.00000000 1.0000
1.61348459 0.27938416 0.00000000 1.0000
1.61540169 0.33429447 0.00000000 1.0000
1.62869753 0.38967822 0.00000000 1.0000
1.61515107 0.44435838 0.00000000 1.0000
1.64241519 0.50002632 0.00000000 1.0000
1.61504543 0.55559605 0.00000000 1.0000
1.62881853 0.61035087 0.00000000 1.0000
1.61534693 0.66569389 0.00000000 1.0000
1.61349649 0.72061843 0.00000000 1.0000
1.60733951 0.77562258 0.00000000 1.0000
1.52880742 0.26925290 0.00000000 1.0000
1.53618151 0.31478800 0.00000000 1.0000
1.53848203 0.36017016 0.00000000 1.0000
1.55443704 0.40701394 0.00000000 1.0000
1.53818129 0.45202411 0.00000000 1.0000
1.57089823 0.50002837 0.00000000 1.0000
1.53805451 0.54793852 0.00000000 1.0000
1.55458224 0.59299294 0.00000000 1.0000
1.53841631 0.63982782 0.00000000 1.0000
1.53619579 0.68521311 0.00000000 1.0000
1.52880742 0.73074710 0.00000000 1.0000
1.45027532 0.31412839 0.00000000 1.0000
1.45887843 0.35019183 0.00000000 1.0000
1.46156237 0.38604586 0.00000000 1.0000
1.48017655 0.42434967 0.00000000 1.0000
1.46121150 0.45968984 0.00000000 1.0000
1.49938127 0.50003041 0.00000000 1.0000
1.46106360 0.54028099 0.00000000 1.0000
1.48034594 0.57563501 0.00000000 1.0000
1.46148570 0.61396175 0.00000000 1.0000
1.45889509 0.64980779 0.00000000 1.0000
1.45027532 0.68587161 0.00000000 1.0000
1.37174322 0.35900387 0.00000000 1.0000
1.38157535 0.38559566 0.00000000 1.0000
1.38464270 0.41192155 0.00000000 1.0000
1.40591605 0.44168539 0.00000000 1.0000
1.38424172 0.46735557 0.00000000 1.0000
1.42786431 0.50003246 0.00000000 1.0000
1.38407269 0.53262346 0.00000000 1.0000
1.40610965 0.55827709 0.00000000 1.0000
1.38455509 0.58809568 0.00000000 1.0000
1.38159438 0.61440248 0.00000000 1.0000
1.37174322 0.64099613 0.00000000 1.0000
1.29321113 0.40387936 0.00000000 1.0000
1.30427227 0.42099950 0.00000000 1.0000
1.30772304 0.43779724 0.00000000 1.0000
1.33165556 0.45902112 0.00000000 1.0000
1.30727193 0.47502130 0.00000000 1.0000
1.35634735 0.50003451 0.00000000 1.0000
1.30708177 0.52496593 0.00000000 1.0000
1.33187335 0.54091916 0.00000000 1.0000
1.30762447 0.56222961 0.00000000 1.0000
1.30429368 0.57899716 0.00000000 1.0000
1.29321113 0.59612064 0.00000000 1.0000
1.21467903 0.44875484 0.00000000 1.0000
1.22696919 0.45640333 0.00000000 1.0000
1.23080338 0.46367294 0.00000000 1.0000
1.25739507 0.47635684 0.00000000 1.0000
1.23030215 0.48268703 0.00000000 1.0000
1.28483039 0.50003655 0.00000000 1.0000
1.23009086 0.51730840 0.00000000 1.0000
1.25763706 0.52356123 0.00000000 1.0000
1.23069386 0.53636354 0.00000000 1.0000
1.22699298 0.54359184 0.00000000 1.0000
1.21467903 0.55124516 0.00000000 1.0000
