11
0 0.00000000 0.00000000 0.00000000 0.00000000 0.50000000 1.00000000 1.00000000 1.00000000 1.00000000 1
11
0 0.00000000 0.00000000 0.00000000 0.00000000 0.50000000 1.00000000 1.00000000 1.00000000 1.00000000 1
36
0.41055728 0.58944272 0.00000000 1.0000
0.43248237 0.59493357 0.00000000 1.0000
0.47736546 0.60168680 0.00000000 1.0000
0.52262937 0.60168748 0.00000000 1.0000
0.56751635 0.59493387 0.00000000 1.0000
0.58944272 0.58944272 0.00000000 1.0000
0.35923762 0.64076238 0.00000000 1.0000
0.39409283 0.64556687 0.00000000 1.0000
0.46459675 0.65147595 0.00000000 1.0000
0.53539937 0.65147655 0.00000000 1.0000
0.60590622 0.64556714 0.00000000 1.0000
0.64076238 0.64076238 0.00000000 1.0000
0.25659830 0.74340170 0.00000000 1.0000
0.31731375 0.74683348 0.00000000 1.0000
0.43905933 0.75105425 0.00000000 1.0000
0.56093938 0.75105468 0.00000000 1.0000
0.68268594 0.74683367 0.00000000 1.0000
0.74340170 0.74340170 0.00000000 1.0000
0.15395898 0.84604102 0.00000000 1.0000
0.24053466 0.84810009 0.00000000 1.0000
0.41352192 0.85063255 0.00000000 1.0000
0.58647938 0.85063281 0.00000000 1.0000
0.75946566 0.84810020 0.00000000 1.0000
0.84604102 0.84604102 0.00000000 1.0000
0.05131966 0.94868034 0.00000000 1.0000
0.16375558 0.94936670 0.00000000 1.0000
0.38798450 0.95021085 0.00000000 1.0000
0.61201939 0.95021094 0.00000000 1.0000
0.83624539 0.94936673 0.00000000 1.0000
0.94868034 0.94868034 0.00000000 1.0000
0.00000000 1.00000000 0.00000000 1.0000
0.12536604 1.00000000 0.00000000 1.0000
0.37521579 1.00000000 0.00000000 1.0000
0.62478939 1.00000000 0.00000000 1.0000
0.87463525 1.00000000 0.00000000 1.0000
1.00000000 1.00000000 0.00000000 1.0000
