22
0 0.00000000 0.00000000 0.00000000 0.00000000 0.00000000 0.00000000 0.00000000 0.00000000 0.00000000 0.00000000 1.00000000 1.00000000 1.00000000 1.00000000 1.00000000 1.00000000 1.00000000 1.00000000 1.00000000 1.00000000 1
22
0 0.00000000 0.00000000 0.00000000 0.00000000 0.00000000 0.00000000 0.00000000 0.00000000 0.00000000 0.00000000 1.00000000 1.00000000 1.00000000 1.00000000 1.00000000 1.00000000 1.00000000 1.00000000 1.00000000 1.00000000 1
121
2.00000000 1.00000000 0.00000000 1.0000
1.79812845 1.00000000 0.00000000 1.0000
1.59586265 1.00000000 0.00000000 1.0000
1.39791990 1.00000000 0.00000000 1.0000
1.19477691 1.00000000 0.00000000 1.0000
1.00001317 1.00000000 0.00000000 1.0000
0.80517498 1.00000000 0.00000000 1.0000
0.60215245 1.00000000 0.00000000 1.0000
0.40409417 1.00000000 0.00000000 1.0000
0.20187599 1.00000000 0.00000000 1.0000
0.00000000 1.00000000 0.00000000 1.0000
1.90321599 0.95765700 0.00000000 1.0000
1.72108067 0.95846441 0.00000000 1.0000
1.53863511 0.95869838 0.00000000 1.0000
1.35962524 0.96051540 0.00000000 1.0000
1.17648872 0.95862194 0.00000000 1.0000
1.00001175 0.96240702 0.00000000 1.0000
0.82347067 0.95863356 0.00000000 1.0000
0.64043401 0.96050113 0.00000000 1.0000
0.46132976 0.95870614 0.00000000 1.0000
0.27892300 0.95846324 0.00000000 1.0000
0.09678401 0.95765700 0.00000000 1.0000
1.80643198 0.91531399 0.00000000 1.0000
1.64403288 0.91692881 0.00000000 1.0000
1.48140756 0.91739676 0.00000000 1.0000
1.32133059 0.92103081 0.00000000 1.0000
1.15820053 0.91724388 0.00000000 1.0000
1.00001033 0.92481403 0.00000000 1.0000
0.84176636 0.91726711 0.00000000 1.0000
0.67871557 0.92100226 0.00000000 1.0000
0.51856535 0.91741228 0.00000000 1.0000
0.35597001 0.91692648 0.00000000 1.0000
0.19356802 0.91531399 0.00000000 1.0000
1.70964797 0.87297099 0.00000000 1.0000
1.56698510 0.87539322 0.00000000 1.0000
1.42418002 0.87609514 0.00000000 1.0000
1.28303593 0.88154621 0.00000000 1.0000
1.13991233 0.87586582 0.00000000 1.0000
1.00000891 0.88722105 0.00000000 1.0000
0.86006206 0.87590067 0.00000000 1.0000
0.71699713 0.88150339 0.00000000 1.0000
0.57580094 0.87611842 0.00000000 1.0000
0.43301702 0.87538972 0.00000000 1.0000
0.29035203 0.87297099 0.00000000 1.0000
1.61286397 0.83062799 0.00000000 1.0000
1.48993731 0.83385762 0.00000000 1.0000
1.36695247 0.83479353 0.00000000 1.0000
1.24474127 0.84206161 0.00000000 1.0000
1.12162414 0.83448776 0.00000000 1.0000
1.00000749 0.84962806 0.00000000 1.0000
0.87835775 0.83453422 0.00000000 1.0000
0.75527869 0.84200452 0.00000000 1.0000
0.63303653 0.83482455 0.00000000 1.0000
0.51006403 0.83385296 0.00000000 1.0000
0.38713603 0.83062799 0.00000000 1.0000
1.51607996 0.78828498 0.00000000 1.0000
1.41288953 0.79232203 0.00000000 1.0000
1.30972493 0.79349191 0.00000000 1.0000
1.20644661 0.80257702 0.00000000 1.0000
1.10333595 0.79310970 0.00000000 1.0000
1.00000608 0.81203508 0.00000000 1.0000
0.89665344 0.79316778 0.00000000 1.0000
0.79356025 0.80250565 0.00000000 1.0000
0.69027212 0.79353069 0.00000000 1.0000
0.58711104 0.79231621 0.00000000 1.0000
0.48392004 0.78828498 0.00000000 1.0000
1.41929595 0.74594198 0.00000000 1.0000
1.33584174 0.75078643 0.00000000 1.0000
1.25249738 0.75219029 0.00000000 1.0000
1.16815195 0.76309242 0.00000000 1.0000
1.08504775 0.75173164 0.00000000 1.0000
1.00000466 0.77444210 0.00000000 1.0000
0.91494914 0.75180134 0.00000000 1.0000
0.83184182 0.76300678 0.00000000 1.0000
0.74750771 0.75223683 0.00000000 1.0000
0.66415805 0.75077945 0.00000000 1.0000
0.58070405 0.74594198 0.00000000 1.0000
1.32251194 0.70359897 0.00000000 1.0000
1.25879396 0.70925084 0.00000000 1.0000
1.19526984 0.71088867 0.00000000 1.0000
1.12985729 0.72360782 0.00000000 1.0000
1.06675956 0.71035358 0.00000000 1.0000
1.00000324 0.73684911 0.00000000 1.0000
0.93324483 0.71043489 0.00000000 1.0000
0.87012338 0.72350791 0.00000000 1.0000
0.80474330 0.71094297 0.00000000 1.0000
0.74120506 0.70924269 0.00000000 1.0000
0.67748806 0.70359897 0.00000000 1.0000
1.22572793 0.66125597 0.00000000 1.0000
1.18174617 0.66771524 0.00000000 1.0000
1.13804229 0.66958705 0.00000000 1.0000
1.09156264 0.68412323 0.00000000 1.0000
1.04847137 0.66897552 0.00000000 1.0000
1.00000182 0.69925613 0.00000000 1.0000
0.95154053 0.66906845 0.00000000 1.0000
0.90840494 0.68400904 0.00000000 1.0000
0.86197889 0.66964911 0.00000000 1.0000
0.81825206 0.66770593 0.00000000 1.0000
0.77427207 0.66125597 0.00000000 1.0000
1.12894392 0.61891297 0.00000000 1.0000
1.10469839 0.62617965 0.00000000 1.0000
1.08081475 0.62828543 0.00000000 1.0000
1.05326798 0.64463863 0.00000000 1.0000
1.03018317 0.62759746 0.00000000 1.0000
1.00000040 0.66166314 0.00000000 1.0000
0.96983622 0.62770200 0.00000000 1.0000
0.94668650 0.64451017 0.00000000 1.0000
0.91921448 0.62835525 0.00000000 1.0000
0.89529907 0.62616917 0.00000000 1.0000
0.87105608 0.61891297 0.00000000 1.0000
1.03215992 0.57656996 0.00000000 1.0000
1.02765060 0.58464405 0.00000000 1.0000
1.02358720 0.58698381 0.00000000 1.0000
1.01497332 0.60515403 0.00000000 1.0000
1.01189498 0.58621940 0.00000000 1.0000
0.99999898 0.62407016 0.00000000 1.0000
0.98813191 0.58633556 0.00000000 1.0000
0.98496806 0.60501130 0.00000000 1.0000
0.97645007 0.58706139 0.00000000 1.0000
0.97234608 0.58463241 0.00000000 1.0000
0.96784008 0.57656996 0.00000000 1.0000
