22
0 0.00000000 0.00000000 0.00000000 0.00000000 0.00000000 0.00000000 0.00000000 0.00000000 0.00000000 0.00000000 1.00000000 1.00000000 1.00000000 1.00000000 1.00000000 1.00000000 1.00000000 1.00000000 1.00000000 1.00000000 1
22
0 0.00000000 0.00000000 0.00000000 0.00000000 0.00000000 0.00000000 0.00000000 0.00000000 0.00000000 0.00000000 1.00000000 1.00000000 1.00000000 1.00000000 1.00000000 1.00000000 1.00000000 1.00000000 1.00000000 1.00000000 1
121
2.00000000 0.00000000 0.00000000 1.0000
2.00000000 0.10236718 0.00000000 1.0000
2.00000000 0.20314930 0.00000000 1.0000
2.00000000 0.30397020 0.00000000 1.0000
2.00000000 0.40117432 0.00000000 1.0000
2.00000000 0.50138164 0.00000000 1.0000
2.00000000 0.59645414 0.00000000 1.0000
2.00000000 0.69748624 0.00000000 1.0000
2.00000000 0.79626625 0.00000000 1.0000
2.00000000 0.89777779 0.00000000 1.0000
2.00000000 1.00000000 0.00000000 1.0000
1.91200000 0.04400000 0.00000000 1.0000
1.91306172 0.13706464 0.00000000 1.0000
1.91395739 0.22887139 0.00000000 1.0000
1.91476890 0.32073288 0.00000000 1.0000
1.91511562 0.40970081 0.00000000 1.0000
1.91558152 0.50110683 0.00000000 1.0000
1.91510596 0.58839944 0.00000000 1.0000
1.91477830 0.68043374 0.00000000 1.0000
1.91395399 0.77066057 0.00000000 1.0000
1.91306312 0.86305149 0.00000000 1.0000
1.91200000 0.95600000 0.00000000 1.0000
1.82400000 0.08800000 0.00000000 1.0000
1.82612344 0.17176210 0.00000000 1.0000
1.82791479 0.25459347 0.00000000 1.0000
1.82953780 0.33749557 0.00000000 1.0000
1.83023124 0.41822729 0.00000000 1.0000
1.83116304 0.50083201 0.00000000 1.0000
1.83021192 0.58034473 0.00000000 1.0000
1.82955661 0.66338125 0.00000000 1.0000
1.82790798 0.74505488 0.00000000 1.0000
1.82612625 0.82832520 0.00000000 1.0000
1.82400000 0.91200000 0.00000000 1.0000
1.73600000 0.13200000 0.00000000 1.0000
1.73918516 0.20645957 0.00000000 1.0000
1.74187218 0.28031556 0.00000000 1.0000
1.74430671 0.35425825 0.00000000 1.0000
1.74534685 0.42675378 0.00000000 1.0000
1.74674456 0.50055720 0.00000000 1.0000
1.74531788 0.57229003 0.00000000 1.0000
1.74433491 0.64632876 0.00000000 1.0000
1.74186197 0.71944920 0.00000000 1.0000
1.73918937 0.79359891 0.00000000 1.0000
1.73600000 0.86800000 0.00000000 1.0000
1.64800000 0.17600000 0.00000000 1.0000
1.65224688 0.24115703 0.00000000 1.0000
1.65582957 0.30603764 0.00000000 1.0000
1.65907561 0.37102094 0.00000000 1.0000
1.66046247 0.43528027 0.00000000 1.0000
1.66232608 0.50028238 0.00000000 1.0000
1.66042384 0.56423532 0.00000000 1.0000
1.65911322 0.62927626 0.00000000 1.0000
1.65581596 0.69384352 0.00000000 1.0000
1.65225250 0.75887261 0.00000000 1.0000
1.64800000 0.82400000 0.00000000 1.0000
1.56000000 0.22000000 0.00000000 1.0000
1.56530860 0.27585449 0.00000000 1.0000
1.56978696 0.33175973 0.00000000 1.0000
1.57384451 0.38778362 0.00000000 1.0000
1.57557809 0.44380676 0.00000000 1.0000
1.57790760 0.50000757 0.00000000 1.0000
1.57552980 0.55618061 0.00000000 1.0000
1.57389152 0.61222377 0.00000000 1.0000
1.56976995 0.66823784 0.00000000 1.0000
1.56531562 0.72414632 0.00000000 1.0000
1.56000000 0.78000000 0.00000000 1.0000
1.47200000 0.26400000 0.00000000 1.0000
1.47837032 0.31055195 0.00000000 1.0000
1.48374436 0.35748181 0.00000000 1.0000
1.48861341 0.40454631 0.00000000 1.0000
1.49069371 0.45233325 0.00000000 1.0000
1.49348912 0.49973276 0.00000000 1.0000
1.49063577 0.54812591 0.00000000 1.0000
1.48866983 0.59517127 0.00000000 1.0000
1.48372394 0.64263215 0.00000000 1.0000
1.47837875 0.68942003 0.00000000 1.0000
1.47200000 0.73600000 0.00000000 1.0000
1.38400000 0.30800000 0.00000000 1.0000
1.39143204 0.34524941 0.00000000 1.0000
1.39770175 0.38320390 0.00000000 1.0000
1.40338231 0.42130899 0.00000000 1.0000
1.40580932 0.46085973 0.00000000 1.0000
1.40907064 0.49945794 0.00000000 1.0000
1.40574173 0.54007120 0.00000000 1.0000
1.40344813 0.57811878 0.00000000 1.0000
1.39767794 0.61702647 0.00000000 1.0000
1.39144187 0.65469373 0.00000000 1.0000
1.38400000 0.69200000 0.00000000 1.0000
1.29600000 0.35200000 0.00000000 1.0000
1.30449375 0.37994687 0.00000000 1.0000
1.31165914 0.40892598 0.00000000 1.0000
1.31815122 0.43807168 0.00000000 1.0000
1.32092494 0.46938622 0.00000000 1.0000
1.32465216 0.49918313 0.00000000 1.0000
1.32084769 0.53201650 0.00000000 1.0000
1.31822643 0.56106628 0.00000000 1.0000
1.31163193 0.59142079 0.00000000 1.0000
1.30450499 0.61996744 0.00000000 1.0000
1.29600000 0.64800000 0.00000000 1.0000
1.20800000 0.39600000 0.00000000 1.0000
1.21755547 0.41464434 0.00000000 1.0000
1.22561654 0.43464807 0.00000000 1.0000
1.23292012 0.45483436 0.00000000 1.0000
1.23604056 0.47791271 0.00000000 1.0000
1.24023368 0.49890831 0.00000000 1.0000
1.23595365 0.52396179 0.00000000 1.0000
1.23300474 0.54401379 0.00000000 1.0000
1.22558592 0.56581510 0.00000000 1.0000
1.21756812 0.58524115 0.00000000 1.0000
1.20800000 0.60400000 0.00000000 1.0000
1.12000000 0.44000000 0.00000000 1.0000
1.13061719 0.44934180 0.00000000 1.0000
1.13957393 0.46037015 0.00000000 1.0000
1.14768902 0.47159705 0.00000000 1.0000
1.15115618 0.48643920 0.00000000 1.0000
1.15581520 0.49863350 0.00000000 1.0000
1.15105961 0.51590708 0.00000000 1.0000
1.14778304 0.52696129 0.00000000 1.0000
1.13953991 0.54020942 0.00000000 1.0000
1.13063124 0.55051485 0.00000000 1.0000
1.12000000 0.56000000 0.00000000 1.0000
