22
0 0.00000000 0.00000000 0.00000000 0.00000000 0.00000000 0.00000000 0.00000000 0.00000000 0.00000000 0.00000000 1.00000000 1.00000000 1.00000000 1.00000000 1.00000000 1.00000000 1.00000000 1.00000000 1.00000000 1.00000000 1
22
0 0.00000000 0.00000000 0.00000000 0.00000000 0.00000000 0.00000000 0.00000000 0.00000000 0.00000000 0.00000000 1.00000000 1.00000000 1.00000000 1.00000000 1.00000000 1.00000000 1.00000000 1.00000000 1.00000000 1.00000000 1
121
0.00000000 0.00000000 0.00000000 1.0000
0.09959471 0.00000000 0.00000000 1.0000
0.19824089 0.00000000 0.00000000 1.0000
0.29718649 0.00000000 0.00000000 1.0000
0.39714198 0.00000000 0.00000000 1.0000
0.49592796 0.00000000 0.00000000 1.0000
0.59651702 0.00000000 0.00000000 1.0000
0.69635807 0.00000000 0.00000000 1.0000
0.79730339 0.00000000 0.00000000 1.0000
0.89831044 0.00000000 0.00000000 1.0000
1.00000000 0.00000000 0.00000000 1.0000
0.03709523 0.03709523 0.00000000 1.0000
0.12879906 0.03660985 0.00000000 1.0000
0.21976323 0.03660240 0.00000000 1.0000
0.31095509 0.03683067 0.00000000 1.0000
0.40295779 0.03724667 0.00000000 1.0000
0.49400518 0.03789490 0.00000000 1.0000
0.58650025 0.03855832 0.00000000 1.0000
0.67837635 0.03948144 0.00000000 1.0000
0.77113430 0.04042372 0.00000000 1.0000
0.86392731 0.04153407 0.00000000 1.0000
0.95725568 0.04274432 0.00000000 1.0000
0.07419045 0.07419045 0.00000000 1.0000
0.15800342 0.07321969 0.00000000 1.0000
0.24128556 0.07320480 0.00000000 1.0000
0.32472369 0.07366134 0.00000000 1.0000
0.40877360 0.07449334 0.00000000 1.0000
0.49208240 0.07578980 0.00000000 1.0000
0.57648348 0.07711665 0.00000000 1.0000
0.66039464 0.07896288 0.00000000 1.0000
0.74496521 0.08084744 0.00000000 1.0000
0.82954418 0.08306815 0.00000000 1.0000
0.91451136 0.08548864 0.00000000 1.0000
0.11128568 0.11128568 0.00000000 1.0000
0.18720777 0.10982954 0.00000000 1.0000
0.26280789 0.10980720 0.00000000 1.0000
0.33849230 0.11049201 0.00000000 1.0000
0.41458941 0.11174001 0.00000000 1.0000
0.49015963 0.11368470 0.00000000 1.0000
0.56646672 0.11567497 0.00000000 1.0000
0.64241293 0.11844432 0.00000000 1.0000
0.71879612 0.12127116 0.00000000 1.0000
0.79516104 0.12460222 0.00000000 1.0000
0.87176704 0.12823296 0.00000000 1.0000
0.14838091 0.14838091 0.00000000 1.0000
0.21641213 0.14643939 0.00000000 1.0000
0.28433022 0.14640960 0.00000000 1.0000
0.35226090 0.14732268 0.00000000 1.0000
0.42040522 0.14898668 0.00000000 1.0000
0.48823685 0.15157961 0.00000000 1.0000
0.55644995 0.15423329 0.00000000 1.0000
0.62443122 0.15792576 0.00000000 1.0000
0.69262703 0.16169488 0.00000000 1.0000
0.76077791 0.16613630 0.00000000 1.0000
0.82902272 0.17097728 0.00000000 1.0000
0.18547613 0.18547613 0.00000000 1.0000
0.24561648 0.18304923 0.00000000 1.0000
0.30585255 0.18301200 0.00000000 1.0000
0.36602951 0.18415335 0.00000000 1.0000
0.42622103 0.18623335 0.00000000 1.0000
0.48631407 0.18947451 0.00000000 1.0000
0.54643318 0.19279161 0.00000000 1.0000
0.60644950 0.19740720 0.00000000 1.0000
0.66645794 0.20211860 0.00000000 1.0000
0.72639478 0.20767037 0.00000000 1.0000
0.78627840 0.21372160 0.00000000 1.0000
0.22257136 0.22257136 0.00000000 1.0000
0.27482084 0.21965908 0.00000000 1.0000
0.32737488 0.21961440 0.00000000 1.0000
0.37979811 0.22098403 0.00000000 1.0000
0.43203684 0.22348001 0.00000000 1.0000
0.48439130 0.22736941 0.00000000 1.0000
0.53641641 0.23134994 0.00000000 1.0000
0.58846779 0.23688863 0.00000000 1.0000
0.64028885 0.24254232 0.00000000 1.0000
0.69201164 0.24920444 0.00000000 1.0000
0.74353409 0.25646591 0.00000000 1.0000
0.25966659 0.25966659 0.00000000 1.0000
0.30402519 0.25626893 0.00000000 1.0000
0.34889722 0.25621680 0.00000000 1.0000
0.39356672 0.25781470 0.00000000 1.0000
0.43785265 0.26072668 0.00000000 1.0000
0.48246852 0.26526431 0.00000000 1.0000
0.52639964 0.26990826 0.00000000 1.0000
0.57048608 0.27637007 0.00000000 1.0000
0.61411976 0.28296604 0.00000000 1.0000
0.65762851 0.29073852 0.00000000 1.0000
0.70078977 0.29921023 0.00000000 1.0000
0.29676181 0.29676181 0.00000000 1.0000
0.33322955 0.29287878 0.00000000 1.0000
0.37041955 0.29281920 0.00000000 1.0000
0.40733532 0.29464537 0.00000000 1.0000
0.44366846 0.29797335 0.00000000 1.0000
0.48054574 0.30315921 0.00000000 1.0000
0.51638287 0.30846658 0.00000000 1.0000
0.55250437 0.31585151 0.00000000 1.0000
0.58795067 0.32338976 0.00000000 1.0000
0.62324537 0.33227259 0.00000000 1.0000
0.65804545 0.34195455 0.00000000 1.0000
0.33385704 0.33385704 0.00000000 1.0000
0.36243390 0.32948862 0.00000000 1.0000
0.39194188 0.32942160 0.00000000 1.0000
0.42110392 0.33147604 0.00000000 1.0000
0.44948428 0.33522002 0.00000000 1.0000
0.47862297 0.34105411 0.00000000 1.0000
0.50636610 0.34702491 0.00000000 1.0000
0.53452265 0.35533295 0.00000000 1.0000
0.56178158 0.36381348 0.00000000 1.0000
0.58886224 0.37380667 0.00000000 1.0000
0.61530113 0.38469887 0.00000000 1.0000
0.37095227 0.37095227 0.00000000 1.0000
0.39163826 0.36609847 0.00000000 1.0000
0.41346421 0.36602400 0.00000000 1.0000
0.43487253 0.36830671 0.00000000 1.0000
0.45530009 0.37246669 0.00000000 1.0000
0.47670019 0.37894902 0.00000000 1.0000
0.49634933 0.38558323 0.00000000 1.0000
0.51654094 0.39481439 0.00000000 1.0000
0.53561249 0.40423720 0.00000000 1.0000
0.55447911 0.41534074 0.00000000 1.0000
0.57255681 0.42744319 0.00000000 1.0000
