22
0 0.00000000 0.00000000 0.00000000 0.00000000 0.00000000 0.00000000 0.00000000 0.00000000 0.00000000 0.00000000 1.00000000 1.00000000 1.00000000 1.00000000 1.00000000 1.00000000 1.00000000 1.00000000 1.00000000 1.00000000 1
22
0 0.00000000 0.00000000 0.00000000 0.00000000 0.00000000 0.00000000 0.00000000 0.00000000 0.00000000 0.00000000 1.00000000 1.00000000 1.00000000 1.00000000 1.00000000 1.00000000 1.00000000 1.00000000 1.00000000 1.00000000 1
121
0.00000000 1.00000000 0.00000000 1.0000
0.00000000 0.89972681 0.00000000 1.0000
0.00000000 0.79960824 0.00000000 1.0000
0.00000000 0.69976876 0.00000000 1.0000
0.00000000 0.59986630 0.00000000 1.0000
0.00000000 0.50000164 0.00000000 1.0000
0.00000000 0.40013940 0.00000000 1.0000
0.00000000 0.30023474 0.00000000 1.0000
0.00000000 0.20039405 0.00000000 1.0000
0.00000000 0.10027429 0.00000000 1.0000
0.00000000 0.00000000 0.00000000 1.0000
0.04105573 0.95894427 0.00000000 1.0000
0.04061530 0.86694241 0.00000000 1.0000
0.04029788 0.77506043 0.00000000 1.0000
0.04003634 0.68339826 0.00000000 1.0000
0.03999429 0.59168541 0.00000000 1.0000
0.03980967 0.50000142 0.00000000 1.0000
0.03999432 0.40831897 0.00000000 1.0000
0.04003640 0.31660467 0.00000000 1.0000
0.04029791 0.22494134 0.00000000 1.0000
0.04061533 0.13305848 0.00000000 1.0000
0.04105573 0.04105573 0.00000000 1.0000
0.08211146 0.91788854 0.00000000 1.0000
0.08123060 0.83415801 0.00000000 1.0000
0.08059577 0.75051263 0.00000000 1.0000
0.08007268 0.66702775 0.00000000 1.0000
0.07998858 0.58350452 0.00000000 1.0000
0.07961935 0.50000119 0.00000000 1.0000
0.07998864 0.41649853 0.00000000 1.0000
0.08007279 0.33297460 0.00000000 1.0000
0.08059583 0.24948863 0.00000000 1.0000
0.08123066 0.16584268 0.00000000 1.0000
0.08211146 0.08211146 0.00000000 1.0000
0.12316718 0.87683282 0.00000000 1.0000
0.12184590 0.80137361 0.00000000 1.0000
0.12089365 0.72596482 0.00000000 1.0000
0.12010902 0.65065724 0.00000000 1.0000
0.11998287 0.57532363 0.00000000 1.0000
0.11942902 0.50000097 0.00000000 1.0000
0.11998296 0.42467810 0.00000000 1.0000
0.12010919 0.34934454 0.00000000 1.0000
0.12089374 0.27403592 0.00000000 1.0000
0.12184599 0.19862687 0.00000000 1.0000
0.12316718 0.12316718 0.00000000 1.0000
0.16422291 0.83577709 0.00000000 1.0000
0.16246120 0.76858922 0.00000000 1.0000
0.16119153 0.70141702 0.00000000 1.0000
0.16014536 0.63428674 0.00000000 1.0000
0.15997716 0.56714274 0.00000000 1.0000
0.15923869 0.50000075 0.00000000 1.0000
0.15997728 0.43285766 0.00000000 1.0000
0.16014559 0.36571447 0.00000000 1.0000
0.16119165 0.29858321 0.00000000 1.0000
0.16246132 0.23141106 0.00000000 1.0000
0.16422291 0.16422291 0.00000000 1.0000
0.20527864 0.79472136 0.00000000 1.0000
0.20307650 0.73580482 0.00000000 1.0000
0.20148942 0.67686921 0.00000000 1.0000
0.20018170 0.61791623 0.00000000 1.0000
0.19997145 0.55896185 0.00000000 1.0000
0.19904837 0.50000053 0.00000000 1.0000
0.19997160 0.44103723 0.00000000 1.0000
0.20018198 0.38208440 0.00000000 1.0000
0.20148956 0.32313050 0.00000000 1.0000
0.20307665 0.26419526 0.00000000 1.0000
0.20527864 0.20527864 0.00000000 1.0000
0.24633437 0.75366563 0.00000000 1.0000
0.24369181 0.70302042 0.00000000 1.0000
0.24178730 0.65232141 0.00000000 1.0000
0.24021804 0.60154572 0.00000000 1.0000
0.23996574 0.55078096 0.00000000 1.0000
0.23885804 0.50000031 0.00000000 1.0000
0.23996592 0.44921679 0.00000000 1.0000
0.24021838 0.39845433 0.00000000 1.0000
0.24178748 0.34767780 0.00000000 1.0000
0.24369198 0.29697945 0.00000000 1.0000
0.24633437 0.24633437 0.00000000 1.0000
0.28739010 0.71260990 0.00000000 1.0000
0.28430711 0.67023602 0.00000000 1.0000
0.28208519 0.62777360 0.00000000 1.0000
0.28025438 0.58517522 0.00000000 1.0000
0.27996003 0.54260007 0.00000000 1.0000
0.27866772 0.50000008 0.00000000 1.0000
0.27996024 0.45739636 0.00000000 1.0000
0.28025478 0.41482426 0.00000000 1.0000
0.28208539 0.37222509 0.00000000 1.0000
0.28430731 0.32976365 0.00000000 1.0000
0.28739010 0.28739010 0.00000000 1.0000
0.32844582 0.67155418 0.00000000 1.0000
0.32492241 0.63745162 0.00000000 1.0000
0.32238307 0.60322579 0.00000000 1.0000
0.32029072 0.56880471 0.00000000 1.0000
0.31995432 0.53441918 0.00000000 1.0000
0.31847739 0.49999986 0.00000000 1.0000
0.31995456 0.46557592 0.00000000 1.0000
0.32029117 0.43119419 0.00000000 1.0000
0.32238330 0.39677238 0.00000000 1.0000
0.32492264 0.36254784 0.00000000 1.0000
0.32844582 0.32844582 0.00000000 1.0000
0.36950155 0.63049845 0.00000000 1.0000
0.36553771 0.60466722 0.00000000 1.0000
0.36268095 0.57867799 0.00000000 1.0000
0.36032706 0.55243420 0.00000000 1.0000
0.35994861 0.52623829 0.00000000 1.0000
0.35828706 0.49999964 0.00000000 1.0000
0.35994888 0.47375549 0.00000000 1.0000
0.36032757 0.44756412 0.00000000 1.0000
0.36268122 0.42131967 0.00000000 1.0000
0.36553797 0.39533204 0.00000000 1.0000
0.36950155 0.36950155 0.00000000 1.0000
0.41055728 0.58944272 0.00000000 1.0000
0.40615301 0.57188282 0.00000000 1.0000
0.40297884 0.55413018 0.00000000 1.0000
0.40036340 0.53606370 0.00000000 1.0000
0.39994290 0.51805739 0.00000000 1.0000
0.39809674 0.49999942 0.00000000 1.0000
0.39994320 0.48193505 0.00000000 1.0000
0.40036397 0.46393406 0.00000000 1.0000
0.40297913 0.44586696 0.00000000 1.0000
0.40615330 0.42811623 0.00000000 1.0000
0.41055728 0.41055728 0.00000000 1.0000
