9
0 0.00000000 0.00000000 0.25000000 0.50000000 0.75000000 1.00000000 1.00000000 1
8
0 0.00000000 0.00000000 0.33333333 0.66666667 1.00000000 1.00000000 1
30
0.00000000 0.00000000 0.00000000 1.0000
1.66666667 0.00000000 0.00000000 1.0000
5.00000000 0.00000000 0.00000000 1.0000
8.33333333 0.00000000 0.00000000 1.0000
10.00000000 0.00000000 0.00000000 1.0000
-0.05725111 4.07280495 0.00000000 1.0000
1.61418648 3.73340454 0.00000000 1.0000
4.95706166 3.05460371 0.00000000 1.0000
8.29993685 2.37580289 0.00000000 1.0000
9.97137444 2.03640248 0.00000000 1.0000
2.13210406 12.01457738 0.00000000 1.0000
3.62109538 11.01336260 0.00000000 1.0000
6.59907804 9.01093303 0.00000000 1.0000
9.57706070 7.00850347 0.00000000 1.0000
11.06605203 6.00728869 0.00000000 1.0000
7.98542202 17.86789641 0.00000000 1.0000
8.98663685 16.37890504 0.00000000 1.0000
10.98906651 13.40092231 0.00000000 1.0000
12.99149618 10.42293957 0.00000000 1.0000
13.99271101 8.93394821 0.00000000 1.0000
15.92719503 20.05724810 0.00000000 1.0000
16.26659544 18.38581076 0.00000000 1.0000
16.94539627 15.04293607 0.00000000 1.0000
17.62419710 11.70006139 0.00000000 1.0000
17.96359751 10.02862405 0.00000000 1.0000
20.00000000 20.00000000 0.00000000 1.0000
20.00000000 18.33333333 0.00000000 1.0000
20.00000000 15.00000000 0.00000000 1.0000
20.00000000 11.66666667 0.00000000 1.0000
20.00000000 10.00000000 0.00000000 1.0000
