17
0 0.00000000 0.00000000 0.00000000 0.10000000 0.20000000 0.30000000 0.40000000 0.50000000 0.60000000 0.70000000 0.80000000 0.90000000 1.00000000 1.00000000 1.00000000 1
9
0 0.00000000 0.00000000 0.00000000 0.50000000 1.00000000 1.00000000 1.00000000 1
65
0.00000000 0.00000000 0.00000000 1.0000
0.03386667 0.00000000 0.00000000 1.0000
0.10160000 0.00000000 0.00000000 1.0000
0.16933333 0.00000000 0.00000000 1.0000
0.20320000 0.00000000 0.00000000 1.0000
0.00000000 0.03386667 0.00000000 1.0000
0.03386667 0.03386667 0.00000000 1.0000
0.10160000 0.03386667 0.00000000 1.0000
0.16933333 0.03386667 0.00000000 1.0000
0.20320000 0.03386667 0.00000000 1.0000
0.00000000 0.10160000 0.00000000 1.0000
0.03386667 0.10160000 0.00000000 1.0000
0.10160000 0.10160000 0.00000000 1.0000
0.16933333 0.10160000 0.00000000 1.0000
0.20320000 0.10160000 0.00000000 1.0000
0.00000000 0.20320000 0.00000000 1.0000
0.03386667 0.20320000 0.00000000 1.0000
0.10160000 0.20320000 0.00000000 1.0000
0.16933333 0.20320000 0.00000000 1.0000
0.20320000 0.20320000 0.00000000 1.0000
0.00000000 0.30480000 0.00000000 1.0000
0.03386667 0.30480000 0.00000000 1.0000
0.10160000 0.30480000 0.00000000 1.0000
0.16933333 0.30480000 0.00000000 1.0000
0.20320000 0.30480000 0.00000000 1.0000
0.00000000 0.40640000 0.00000000 1.0000
0.03386667 0.40640000 0.00000000 1.0000
0.10160000 0.40640000 0.00000000 1.0000
0.16933333 0.40640000 0.00000000 1.0000
0.20320000 0.40640000 0.00000000 1.0000
0.00000000 0.50800000 0.00000000 1.0000
0.03386667 0.50800000 0.00000000 1.0000
0.10160000 0.50800000 0.00000000 1.0000
0.16933333 0.50800000 0.00000000 1.0000
0.20320000 0.50800000 0.00000000 1.0000
0.00000000 0.60960000 0.00000000 1.0000
0.03386667 0.60960000 0.00000000 1.0000
0.10160000 0.60960000 0.00000000 1.0000
0.16933333 0.60960000 0.00000000 1.0000
0.20320000 0.60960000 0.00000000 1.0000
0.00000000 0.71120000 0.00000000 1.0000
0.03386667 0.71120000 0.00000000 1.0000
0.10160000 0.71120000 0.00000000 1.0000
0.16933333 0.71120000 0.00000000 1.0000
0.20320000 0.71120000 0.00000000 1.0000
0.00000000 0.81280000 0.00000000 1.0000
0.03386667 0.81280000 0.00000000 1.0000
0.10160000 0.81280000 0.00000000 1.0000
0.16933333 0.81280000 0.00000000 1.0000
0.20320000 0.81280000 0.00000000 1.0000
0.00000000 0.91440000 0.00000000 1.0000
0.03386667 0.91440000 0.00000000 1.0000
0.10160000 0.91440000 0.00000000 1.0000
0.16933333 0.91440000 0.00000000 1.0000
0.20320000 0.91440000 0.00000000 1.0000
0.00000000 0.98213333 0.00000000 1.0000
0.03386667 0.98213333 0.00000000 1.0000
0.10160000 0.98213333 0.00000000 1.0000
0.16933333 0.98213333 0.00000000 1.0000
0.20320000 0.98213333 0.00000000 1.0000
0.00000000 1.01600000 0.00000000 1.0000
0.03386667 1.01600000 0.00000000 1.0000
0.10160000 1.01600000 0.00000000 1.0000
0.16933333 1.01600000 0.00000000 1.0000
0.20320000 1.01600000 0.00000000 1.0000
