22
0 0.00000000 0.00000000 0.00000000 0.00000000 0.00000000 0.00000000 0.00000000 0.00000000 0.00000000 0.00000000 1.00000000 1.00000000 1.00000000 1.00000000 1.00000000 1.00000000 1.00000000 1.00000000 1.00000000 1.00000000 1
22
0 0.00000000 0.00000000 0.00000000 0.00000000 0.00000000 0.00000000 0.00000000 0.00000000 0.00000000 0.00000000 1.00000000 1.00000000 1.00000000 1.00000000 1.00000000 1.00000000 1.00000000 1.00000000 1.00000000 1.00000000 1
121
10.00000000 10.00000000 0.00000000 1.0000
8.96787601 10.00000000 0.00000000 1.0000
7.96199360 10.00000000 0.00000000 1.0000
6.95915772 10.00000000 0.00000000 1.0000
5.99031871 10.00000000 0.00000000 1.0000
4.98616291 10.00000000 0.00000000 1.0000
4.03523115 10.00000000 0.00000000 1.0000
3.02175142 10.00000000 0.00000000 1.0000
2.04806515 10.00000000 0.00000000 1.0000
1.02898117 10.00000000 0.00000000 1.0000
0.00000000 10.00000000 0.00000000 1.0000
9.60000000 9.60000000 0.00000000 1.0000
8.65500795 9.61615900 0.00000000 1.0000
7.73060086 9.62907625 0.00000000 1.0000
6.80818592 9.63877336 0.00000000 1.0000
5.91281490 9.64377288 0.00000000 1.0000
4.98886871 9.64689467 0.00000000 1.0000
4.10773527 9.64341388 0.00000000 1.0000
3.17646211 9.63924387 0.00000000 1.0000
2.27748782 9.62875317 0.00000000 1.0000
1.34246342 9.61628127 0.00000000 1.0000
0.40000000 9.60000000 0.00000000 1.0000
9.20000000 9.20000000 0.00000000 1.0000
8.34213988 9.23231800 0.00000000 1.0000
7.49920812 9.25815249 0.00000000 1.0000
6.65721411 9.27754672 0.00000000 1.0000
5.83531108 9.28754575 0.00000000 1.0000
4.99157451 9.29378933 0.00000000 1.0000
4.18023939 9.28682776 0.00000000 1.0000
3.33117280 9.27848774 0.00000000 1.0000
2.50691048 9.25750634 0.00000000 1.0000
1.65594567 9.23256254 0.00000000 1.0000
0.80000000 9.20000000 0.00000000 1.0000
8.80000000 8.80000000 0.00000000 1.0000
8.02927181 8.84847701 0.00000000 1.0000
7.26781538 8.88722874 0.00000000 1.0000
6.50624230 8.91632007 0.00000000 1.0000
5.75780727 8.93131863 0.00000000 1.0000
4.99428030 8.94068400 0.00000000 1.0000
4.25274352 8.93024164 0.00000000 1.0000
3.48588349 8.91773161 0.00000000 1.0000
2.73633315 8.88625951 0.00000000 1.0000
1.96942792 8.84884382 0.00000000 1.0000
1.20000000 8.80000000 0.00000000 1.0000
8.40000000 8.40000000 0.00000000 1.0000
7.71640375 8.46463601 0.00000000 1.0000
7.03642264 8.51630498 0.00000000 1.0000
6.35527049 8.55509343 0.00000000 1.0000
5.68030346 8.57509150 0.00000000 1.0000
4.99698610 8.58757867 0.00000000 1.0000
4.32524764 8.57365552 0.00000000 1.0000
3.64059418 8.55697549 0.00000000 1.0000
2.96575581 8.51501268 0.00000000 1.0000
2.28291017 8.46512509 0.00000000 1.0000
1.60000000 8.40000000 0.00000000 1.0000
8.00000000 8.00000000 0.00000000 1.0000
7.40353568 8.08079501 0.00000000 1.0000
6.80502990 8.14538123 0.00000000 1.0000
6.20429868 8.19386679 0.00000000 1.0000
5.60279964 8.21886438 0.00000000 1.0000
4.99969190 8.23447333 0.00000000 1.0000
4.39775176 8.21706940 0.00000000 1.0000
3.79530487 8.19621936 0.00000000 1.0000
3.19517848 8.14376585 0.00000000 1.0000
2.59639242 8.08140636 0.00000000 1.0000
2.00000000 8.00000000 0.00000000 1.0000
7.60000000 7.60000000 0.00000000 1.0000
7.09066762 7.69695401 0.00000000 1.0000
6.57363716 7.77445747 0.00000000 1.0000
6.05332688 7.83264015 0.00000000 1.0000
5.52529583 7.86263725 0.00000000 1.0000
5.00239769 7.88136800 0.00000000 1.0000
4.47025588 7.86048328 0.00000000 1.0000
3.95001555 7.83546323 0.00000000 1.0000
3.42460114 7.77251903 0.00000000 1.0000
2.90987467 7.69768763 0.00000000 1.0000
2.40000000 7.60000000 0.00000000 1.0000
7.20000000 7.20000000 0.00000000 1.0000
6.77779955 7.31311302 0.00000000 1.0000
6.34224442 7.40353372 0.00000000 1.0000
5.90235507 7.47141351 0.00000000 1.0000
5.44779202 7.50641013 0.00000000 1.0000
5.00510349 7.52826267 0.00000000 1.0000
4.54276001 7.50389716 0.00000000 1.0000
4.10472624 7.47470710 0.00000000 1.0000
3.65402381 7.40127220 0.00000000 1.0000
3.22335692 7.31396891 0.00000000 1.0000
2.80000000 7.20000000 0.00000000 1.0000
6.80000000 6.80000000 0.00000000 1.0000
6.46493148 6.92927202 0.00000000 1.0000
6.11085168 7.03260996 0.00000000 1.0000
5.75138326 7.11018687 0.00000000 1.0000
5.37028820 7.15018301 0.00000000 1.0000
5.00780929 7.17515733 0.00000000 1.0000
4.61526413 7.14731104 0.00000000 1.0000
4.25943693 7.11395097 0.00000000 1.0000
3.88344647 7.03002537 0.00000000 1.0000
3.53683917 6.93025018 0.00000000 1.0000
3.20000000 6.80000000 0.00000000 1.0000
6.40000000 6.40000000 0.00000000 1.0000
6.15206342 6.54543102 0.00000000 1.0000
5.87945894 6.66168621 0.00000000 1.0000
5.60041145 6.74896022 0.00000000 1.0000
5.29278439 6.79395588 0.00000000 1.0000
5.01051509 6.82205200 0.00000000 1.0000
4.68776825 6.79072492 0.00000000 1.0000
4.41414762 6.75319484 0.00000000 1.0000
4.11286914 6.65877854 0.00000000 1.0000
3.85032142 6.54653145 0.00000000 1.0000
3.60000000 6.40000000 0.00000000 1.0000
6.00000000 6.00000000 0.00000000 1.0000
5.83919535 6.16159002 0.00000000 1.0000
5.64806621 6.29076245 0.00000000 1.0000
5.44943964 6.38773358 0.00000000 1.0000
5.21528057 6.43772876 0.00000000 1.0000
5.01322088 6.46894667 0.00000000 1.0000
4.76027237 6.43413880 0.00000000 1.0000
4.56885831 6.39243871 0.00000000 1.0000
4.34229180 6.28753171 0.00000000 1.0000
4.16380366 6.16281272 0.00000000 1.0000
4.00000000 6.00000000 0.00000000 1.0000
