22
0 0.00000000 0.00000000 0.00000000 0.00000000 0.00000000 0.00000000 0.00000000 0.00000000 0.00000000 0.00000000 1.00000000 1.00000000 1.00000000 1.00000000 1.00000000 1.00000000 1.00000000 1.00000000 1.00000000 1.00000000 1
22
0 0.00000000 0.00000000 0.00000000 0.00000000 0.00000000 0.00000000 0.00000000 0.00000000 0.00000000 0.00000000 1.00000000 1.00000000 1.00000000 1.00000000 1.00000000 1.00000000 1.00000000 1.00000000 1.00000000 1.00000000 1
121
0.00000000 1.00000000 0.00000000 1.0000
1.13335977 1.18830391 0.00000000 1.0000
2.21661347 1.41811642 0.00000000 1.0000
3.25040334 1.67272117 0.00000000 1.0000
4.27562233 1.99610385 0.00000000 1.0000
5.26639013 2.32153319 0.00000000 1.0000
6.23103698 2.74681360 0.00000000 1.0000
7.21270995 3.18513644 0.00000000 1.0000
8.14554701 3.71828641 0.00000000 1.0000
9.08554810 4.31255288 0.00000000 1.0000
10.00000000 5.00000000 0.00000000 1.0000
0.40000000 1.30000000 0.00000000 1.0000
1.44500788 1.44462788 0.00000000 1.0000
2.45010651 1.63436988 0.00000000 1.0000
3.41613452 1.85514854 0.00000000 1.0000
4.37104904 2.14727305 0.00000000 1.0000
5.29890711 2.44800013 0.00000000 1.0000
6.19596474 2.84991005 0.00000000 1.0000
7.10486603 3.26677776 0.00000000 1.0000
7.96287858 3.77789796 0.00000000 1.0000
8.81836822 4.34610875 0.00000000 1.0000
9.64142136 5.00000000 0.00000000 1.0000
0.80000000 1.60000000 0.00000000 1.0000
1.75665599 1.70095185 0.00000000 1.0000
2.68359955 1.85062333 0.00000000 1.0000
3.58186570 2.03757591 0.00000000 1.0000
4.46647576 2.29844224 0.00000000 1.0000
5.33142410 2.57446708 0.00000000 1.0000
6.16089250 2.95300649 0.00000000 1.0000
6.99702210 3.34841907 0.00000000 1.0000
7.78021016 3.83750950 0.00000000 1.0000
8.55118833 4.37966463 0.00000000 1.0000
9.28284271 5.00000000 0.00000000 1.0000
1.20000000 1.90000000 0.00000000 1.0000
2.06830409 1.95727582 0.00000000 1.0000
2.91709258 2.06687678 0.00000000 1.0000
3.74759688 2.22000328 0.00000000 1.0000
4.56190247 2.44961144 0.00000000 1.0000
5.36394109 2.70093403 0.00000000 1.0000
6.12582025 3.05610294 0.00000000 1.0000
6.88917818 3.43006039 0.00000000 1.0000
7.59754173 3.89712105 0.00000000 1.0000
8.28400844 4.41322050 0.00000000 1.0000
8.92426407 5.00000000 0.00000000 1.0000
1.60000000 2.20000000 0.00000000 1.0000
2.37995220 2.21359979 0.00000000 1.0000
3.15058562 2.28313023 0.00000000 1.0000
3.91332806 2.40243065 0.00000000 1.0000
4.65732919 2.60078063 0.00000000 1.0000
5.39645808 2.82740097 0.00000000 1.0000
6.09074801 3.15919938 0.00000000 1.0000
6.78133426 3.51170171 0.00000000 1.0000
7.41487331 3.95673259 0.00000000 1.0000
8.01682856 4.44677637 0.00000000 1.0000
8.56568542 5.00000000 0.00000000 1.0000
2.00000000 2.50000000 0.00000000 1.0000
2.69160031 2.46992376 0.00000000 1.0000
3.38407866 2.49938368 0.00000000 1.0000
4.07905924 2.58485802 0.00000000 1.0000
4.75275591 2.75194983 0.00000000 1.0000
5.42897507 2.95386792 0.00000000 1.0000
6.05567577 3.26229583 0.00000000 1.0000
6.67349034 3.59334303 0.00000000 1.0000
7.23220488 4.01634414 0.00000000 1.0000
7.74964867 4.48033225 0.00000000 1.0000
8.20710678 5.00000000 0.00000000 1.0000
2.40000000 2.80000000 0.00000000 1.0000
3.00324842 2.72624773 0.00000000 1.0000
3.61757170 2.71563714 0.00000000 1.0000
4.24479042 2.76728539 0.00000000 1.0000
4.84818263 2.90311902 0.00000000 1.0000
5.46149206 3.08033486 0.00000000 1.0000
6.02060353 3.36539228 0.00000000 1.0000
6.56564641 3.67498435 0.00000000 1.0000
7.04953646 4.07595569 0.00000000 1.0000
7.48246878 4.51388812 0.00000000 1.0000
7.84852814 5.00000000 0.00000000 1.0000
2.80000000 3.10000000 0.00000000 1.0000
3.31489652 2.98257170 0.00000000 1.0000
3.85106473 2.93189059 0.00000000 1.0000
4.41052160 2.94971276 0.00000000 1.0000
4.94360934 3.05428822 0.00000000 1.0000
5.49400905 3.20680181 0.00000000 1.0000
5.98553128 3.46848872 0.00000000 1.0000
6.45780249 3.75662567 0.00000000 1.0000
6.86686803 4.13556723 0.00000000 1.0000
7.21528890 4.54744400 0.00000000 1.0000
7.48994949 5.00000000 0.00000000 1.0000
3.20000000 3.40000000 0.00000000 1.0000
3.62654463 3.23889567 0.00000000 1.0000
4.08455777 3.14814404 0.00000000 1.0000
4.57625278 3.13214014 0.00000000 1.0000
5.03903606 3.20545741 0.00000000 1.0000
5.52652604 3.33326876 0.00000000 1.0000
5.95045904 3.57158517 0.00000000 1.0000
6.34995857 3.83826698 0.00000000 1.0000
6.68419961 4.19517878 0.00000000 1.0000
6.94810901 4.58099987 0.00000000 1.0000
7.13137085 5.00000000 0.00000000 1.0000
3.60000000 3.70000000 0.00000000 1.0000
3.93819274 3.49521965 0.00000000 1.0000
4.31805081 3.36439749 0.00000000 1.0000
4.74198396 3.31456751 0.00000000 1.0000
5.13446277 3.35662661 0.00000000 1.0000
5.55904303 3.45973571 0.00000000 1.0000
5.91538680 3.67468161 0.00000000 1.0000
6.24211464 3.91990830 0.00000000 1.0000
6.50153118 4.25479032 0.00000000 1.0000
6.68092912 4.61455574 0.00000000 1.0000
6.77279221 5.00000000 0.00000000 1.0000
4.00000000 4.00000000 0.00000000 1.0000
4.24984085 3.75154362 0.00000000 1.0000
4.55154384 3.58065094 0.00000000 1.0000
4.90771514 3.49699488 0.00000000 1.0000
5.22988949 3.50779580 0.00000000 1.0000
5.59156002 3.58620265 0.00000000 1.0000
5.88031456 3.77777806 0.00000000 1.0000
6.13427072 4.00154962 0.00000000 1.0000
6.31886276 4.31440187 0.00000000 1.0000
6.41374924 4.64811162 0.00000000 1.0000
6.41421356 5.00000000 0.00000000 1.0000
