22
0 0.00000000 0.00000000 0.00000000 0.00000000 0.00000000 0.00000000 0.00000000 0.00000000 0.00000000 0.00000000 1.00000000 1.00000000 1.00000000 1.00000000 1.00000000 1.00000000 1.00000000 1.00000000 1.00000000 1.00000000 1
22
0 0.00000000 0.00000000 0.00000000 0.00000000 0.00000000 0.00000000 0.00000000 0.00000000 0.00000000 0.00000000 1.00000000 1.00000000 1.00000000 1.00000000 1.00000000 1.00000000 1.00000000 1.00000000 1.00000000 1.00000000 1
121
0.00000000 0.00000000 0.00000000 1.0000
0.98445719 0.00000000 0.00000000 1.0000
1.96173156 0.00000000 0.00000000 1.0000
2.96719511 0.00000000 0.00000000 1.0000
3.92055272 0.00000000 0.00000000 1.0000
4.96131133 0.00000000 0.00000000 1.0000
5.91063283 0.00000000 0.00000000 1.0000
6.94782867 0.00000000 0.00000000 1.0000
7.94061447 0.00000000 0.00000000 1.0000
8.96786356 0.00000000 0.00000000 1.0000
10.00000000 0.00000000 0.00000000 1.0000
0.00000000 0.10000000 0.00000000 1.0000
0.99133027 0.11745329 0.00000000 1.0000
1.97640396 0.13955723 0.00000000 1.0000
2.98412245 0.16361020 0.00000000 1.0000
3.94835842 0.19745827 0.00000000 1.0000
4.98368792 0.22790538 0.00000000 1.0000
5.94241908 0.27453662 0.00000000 1.0000
6.97244944 0.31706210 0.00000000 1.0000
7.96367485 0.37318054 0.00000000 1.0000
8.98123390 0.43250363 0.00000000 1.0000
10.00000000 0.50000000 0.00000000 1.0000
0.00000000 0.20000000 0.00000000 1.0000
0.99820335 0.23490658 0.00000000 1.0000
1.99107635 0.27911447 0.00000000 1.0000
3.00104978 0.32722039 0.00000000 1.0000
3.97616411 0.39491655 0.00000000 1.0000
5.00606451 0.45581076 0.00000000 1.0000
5.97420532 0.54907323 0.00000000 1.0000
6.99707022 0.63412420 0.00000000 1.0000
7.98673524 0.74636107 0.00000000 1.0000
8.99460424 0.86500726 0.00000000 1.0000
10.00000000 1.00000000 0.00000000 1.0000
0.00000000 0.30000000 0.00000000 1.0000
1.00507643 0.35235986 0.00000000 1.0000
2.00574875 0.41867170 0.00000000 1.0000
3.01797712 0.49083059 0.00000000 1.0000
4.00396980 0.59237482 0.00000000 1.0000
5.02844111 0.68371613 0.00000000 1.0000
6.00599157 0.82360985 0.00000000 1.0000
7.02169100 0.95118630 0.00000000 1.0000
8.00979562 1.11954161 0.00000000 1.0000
9.00797458 1.29751090 0.00000000 1.0000
10.00000000 1.50000000 0.00000000 1.0000
0.00000000 0.40000000 0.00000000 1.0000
1.01194951 0.46981315 0.00000000 1.0000
2.02042115 0.55822894 0.00000000 1.0000
3.03490445 0.65444079 0.00000000 1.0000
4.03177550 0.78983309 0.00000000 1.0000
5.05081770 0.91162151 0.00000000 1.0000
6.03777781 1.09814646 0.00000000 1.0000
7.04631177 1.26824840 0.00000000 1.0000
8.03285600 1.49272215 0.00000000 1.0000
9.02134492 1.73001453 0.00000000 1.0000
10.00000000 2.00000000 0.00000000 1.0000
0.00000000 0.50000000 0.00000000 1.0000
1.01882259 0.58726644 0.00000000 1.0000
2.03509354 0.69778617 0.00000000 1.0000
3.05183179 0.81805099 0.00000000 1.0000
4.05958119 0.98729136 0.00000000 1.0000
5.07319429 1.13952689 0.00000000 1.0000
6.06956406 1.37268308 0.00000000 1.0000
7.07093255 1.58531050 0.00000000 1.0000
8.05591638 1.86590268 0.00000000 1.0000
9.03471526 2.16251816 0.00000000 1.0000
10.00000000 2.50000000 0.00000000 1.0000
0.00000000 0.60000000 0.00000000 1.0000
1.02569567 0.70471973 0.00000000 1.0000
2.04976594 0.83734341 0.00000000 1.0000
3.06875912 0.98166118 0.00000000 1.0000
4.08738689 1.18474964 0.00000000 1.0000
5.09557088 1.36743227 0.00000000 1.0000
6.10135030 1.64721969 0.00000000 1.0000
7.09555333 1.90237260 0.00000000 1.0000
8.07897676 2.23908322 0.00000000 1.0000
9.04808560 2.59502179 0.00000000 1.0000
10.00000000 3.00000000 0.00000000 1.0000
0.00000000 0.70000000 0.00000000 1.0000
1.03256875 0.82217301 0.00000000 1.0000
2.06443834 0.97690064 0.00000000 1.0000
3.08568646 1.14527138 0.00000000 1.0000
4.11519258 1.38220791 0.00000000 1.0000
5.11794748 1.59533765 0.00000000 1.0000
6.13313655 1.92175631 0.00000000 1.0000
7.12017410 2.21943470 0.00000000 1.0000
8.10203715 2.61226375 0.00000000 1.0000
9.06145594 3.02752543 0.00000000 1.0000
10.00000000 3.50000000 0.00000000 1.0000
0.00000000 0.80000000 0.00000000 1.0000
1.03944183 0.93962630 0.00000000 1.0000
2.07911073 1.11645788 0.00000000 1.0000
3.10261379 1.30888158 0.00000000 1.0000
4.14299828 1.57966618 0.00000000 1.0000
5.14032407 1.82324303 0.00000000 1.0000
6.16492279 2.19629292 0.00000000 1.0000
7.14479488 2.53649681 0.00000000 1.0000
8.12509753 2.98544429 0.00000000 1.0000
9.07482628 3.46002906 0.00000000 1.0000
10.00000000 4.00000000 0.00000000 1.0000
0.00000000 0.90000000 0.00000000 1.0000
1.04631491 1.05707959 0.00000000 1.0000
2.09378313 1.25601511 0.00000000 1.0000
3.11954112 1.47249178 0.00000000 1.0000
4.17080397 1.77712445 0.00000000 1.0000
5.16270066 2.05114840 0.00000000 1.0000
6.19670904 2.47082954 0.00000000 1.0000
7.16941566 2.85355891 0.00000000 1.0000
8.14815791 3.35862483 0.00000000 1.0000
9.08819662 3.89253269 0.00000000 1.0000
10.00000000 4.50000000 0.00000000 1.0000
0.00000000 1.00000000 0.00000000 1.0000
1.05318799 1.17453288 0.00000000 1.0000
2.10845553 1.39557235 0.00000000 1.0000
3.13646846 1.63610197 0.00000000 1.0000
4.19860966 1.97458273 0.00000000 1.0000
5.18507725 2.27905378 0.00000000 1.0000
6.22849528 2.74536616 0.00000000 1.0000
7.19403643 3.17062101 0.00000000 1.0000
8.17121829 3.73180536 0.00000000 1.0000
9.10156696 4.32503632 0.00000000 1.0000
10.00000000 5.00000000 0.00000000 1.0000
