22
0 0.00000000 0.00000000 0.00000000 0.00000000 0.00000000 0.00000000 0.00000000 0.00000000 0.00000000 0.00000000 1.00000000 1.00000000 1.00000000 1.00000000 1.00000000 1.00000000 1.00000000 1.00000000 1.00000000 1.00000000 1
22
0 0.00000000 0.00000000 0.00000000 0.00000000 0.00000000 0.00000000 0.00000000 0.00000000 0.00000000 0.00000000 1.00000000 1.00000000 1.00000000 1.00000000 1.00000000 1.00000000 1.00000000 1.00000000 1.00000000 1.00000000 1
121
10.00000000 5.00000000 0.00000000 1.0000
10.00000000 5.49256360 0.00000000 1.0000
10.00000000 5.98497579 0.00000000 1.0000
10.00000000 6.47782563 0.00000000 1.0000
10.00000000 6.97293411 0.00000000 1.0000
10.00000000 7.46781641 0.00000000 1.0000
10.00000000 7.96778582 0.00000000 1.0000
10.00000000 8.46840481 0.00000000 1.0000
10.00000000 8.97474063 0.00000000 1.0000
10.00000000 9.48441629 0.00000000 1.0000
10.00000000 10.00000000 0.00000000 1.0000
9.64142136 5.00000000 0.00000000 1.0000
9.64142768 5.45424021 0.00000000 1.0000
9.64045346 5.90835670 0.00000000 1.0000
9.63866815 6.36281497 0.00000000 1.0000
9.63567136 6.81902991 0.00000000 1.0000
9.63216903 7.27504059 0.00000000 1.0000
9.62726782 7.73502775 0.00000000 1.0000
9.62187643 8.19547770 0.00000000 1.0000
9.61536560 8.66039881 0.00000000 1.0000
9.60809490 9.12789040 0.00000000 1.0000
9.60000000 9.60000000 0.00000000 1.0000
9.28284271 5.00000000 0.00000000 1.0000
9.28285536 5.41591682 0.00000000 1.0000
9.28090692 5.83173761 0.00000000 1.0000
9.27733629 6.24780432 0.00000000 1.0000
9.27134272 6.66512572 0.00000000 1.0000
9.26433805 7.08226476 0.00000000 1.0000
9.25453565 7.50226968 0.00000000 1.0000
9.24375287 7.92255059 0.00000000 1.0000
9.23073120 8.34605698 0.00000000 1.0000
9.21618980 8.77136450 0.00000000 1.0000
9.20000000 9.20000000 0.00000000 1.0000
8.92426407 5.00000000 0.00000000 1.0000
8.92428303 5.37759344 0.00000000 1.0000
8.92136038 5.75511852 0.00000000 1.0000
8.91600444 6.13279367 0.00000000 1.0000
8.90701408 6.51122152 0.00000000 1.0000
8.89650708 6.88948894 0.00000000 1.0000
8.88180347 7.26951161 0.00000000 1.0000
8.86562930 7.64962348 0.00000000 1.0000
8.84609680 8.03171515 0.00000000 1.0000
8.82428470 8.41483861 0.00000000 1.0000
8.80000000 8.80000000 0.00000000 1.0000
8.56568542 5.00000000 0.00000000 1.0000
8.56571071 5.33927005 0.00000000 1.0000
8.56181384 5.67849944 0.00000000 1.0000
8.55467259 6.01778302 0.00000000 1.0000
8.54268544 6.35731732 0.00000000 1.0000
8.52867611 6.69671311 0.00000000 1.0000
8.50907130 7.03675354 0.00000000 1.0000
8.48750574 7.37669637 0.00000000 1.0000
8.46146240 7.71737332 0.00000000 1.0000
8.43237960 8.05831272 0.00000000 1.0000
8.40000000 8.40000000 0.00000000 1.0000
8.20710678 5.00000000 0.00000000 1.0000
8.20713839 5.30094666 0.00000000 1.0000
8.20226730 5.60188035 0.00000000 1.0000
8.19334073 5.90277237 0.00000000 1.0000
8.17835681 6.20341312 0.00000000 1.0000
8.16084513 6.50393728 0.00000000 1.0000
8.13633913 6.80399547 0.00000000 1.0000
8.10938217 7.10376927 0.00000000 1.0000
8.07682800 7.40303149 0.00000000 1.0000
8.04047450 7.70178683 0.00000000 1.0000
8.00000000 8.00000000 0.00000000 1.0000
7.84852814 5.00000000 0.00000000 1.0000
7.84856607 5.26262327 0.00000000 1.0000
7.84272075 5.52526126 0.00000000 1.0000
7.83200888 5.78776171 0.00000000 1.0000
7.81402816 6.04950892 0.00000000 1.0000
7.79301416 6.31116145 0.00000000 1.0000
7.76360695 6.57123741 0.00000000 1.0000
7.73125861 6.83084216 0.00000000 1.0000
7.69219360 7.08868966 0.00000000 1.0000
7.64856940 7.34526094 0.00000000 1.0000
7.60000000 7.60000000 0.00000000 1.0000
7.48994949 5.00000000 0.00000000 1.0000
7.48999374 5.22429989 0.00000000 1.0000
7.48317421 5.44864217 0.00000000 1.0000
7.47067702 5.67275106 0.00000000 1.0000
7.44969953 5.89560472 0.00000000 1.0000
7.42518318 6.11838563 0.00000000 1.0000
7.39087477 6.33847933 0.00000000 1.0000
7.35313504 6.55791505 0.00000000 1.0000
7.30755920 6.77434783 0.00000000 1.0000
7.25666430 6.98873505 0.00000000 1.0000
7.20000000 7.20000000 0.00000000 1.0000
7.13137085 5.00000000 0.00000000 1.0000
7.13142142 5.18597650 0.00000000 1.0000
7.12362767 5.37202309 0.00000000 1.0000
7.10934517 5.55774041 0.00000000 1.0000
7.08537089 5.74170053 0.00000000 1.0000
7.05735221 5.92560980 0.00000000 1.0000
7.01814260 6.10572127 0.00000000 1.0000
6.97501148 6.28498794 0.00000000 1.0000
6.92292480 6.46000601 0.00000000 1.0000
6.86475920 6.63220916 0.00000000 1.0000
6.80000000 6.80000000 0.00000000 1.0000
6.77279221 5.00000000 0.00000000 1.0000
6.77284910 5.14765311 0.00000000 1.0000
6.76408113 5.29540400 0.00000000 1.0000
6.74801332 5.44272976 0.00000000 1.0000
6.72104225 5.58779633 0.00000000 1.0000
6.68952124 5.73283397 0.00000000 1.0000
6.64541042 5.87296320 0.00000000 1.0000
6.59688792 6.01206083 0.00000000 1.0000
6.53829040 6.14566418 0.00000000 1.0000
6.47285409 6.27568327 0.00000000 1.0000
6.40000000 6.40000000 0.00000000 1.0000
6.41421356 5.00000000 0.00000000 1.0000
6.41427678 5.10932972 0.00000000 1.0000
6.40453459 5.21878491 0.00000000 1.0000
6.38668146 5.32771910 0.00000000 1.0000
6.35671361 5.43389213 0.00000000 1.0000
6.32169026 5.54005815 0.00000000 1.0000
6.27267825 5.64020513 0.00000000 1.0000
6.21876435 5.73913372 0.00000000 1.0000
6.15365600 5.83132235 0.00000000 1.0000
6.08094899 5.91915737 0.00000000 1.0000
6.00000000 6.00000000 0.00000000 1.0000
