22
0 0.00000000 0.00000000 0.00000000 0.00000000 0.00000000 0.00000000 0.00000000 0.00000000 0.00000000 0.00000000 1.00000000 1.00000000 1.00000000 1.00000000 1.00000000 1.00000000 1.00000000 1.00000000 1.00000000 1.00000000 1
22
0 0.00000000 0.00000000 0.00000000 0.00000000 0.00000000 0.00000000 0.00000000 0.00000000 0.00000000 0.00000000 1.00000000 1.00000000 1.00000000 1.00000000 1.00000000 1.00000000 1.00000000 1.00000000 1.00000000 1.00000000 1
121
0.00000000 10.00000000 0.00000000 1.0000
0.00000000 9.07205050 0.00000000 1.0000
0.00000000 8.15353353 0.00000000 1.0000
0.00000000 7.27946630 0.00000000 1.0000
0.00000000 6.36568650 0.00000000 1.0000
0.00000000 5.51375463 0.00000000 1.0000
0.00000000 4.60893278 0.00000000 1.0000
0.00000000 3.73947202 0.00000000 1.0000
0.00000000 2.83649982 0.00000000 1.0000
0.00000000 1.93106093 0.00000000 1.0000
0.00000000 1.00000000 0.00000000 1.0000
0.40000000 9.60000000 0.00000000 1.0000
0.38368479 8.74843284 0.00000000 1.0000
0.37120863 7.90388165 0.00000000 1.0000
0.36075603 7.09459826 0.00000000 1.0000
0.35657939 6.25303660 0.00000000 1.0000
0.35313095 5.46107437 0.00000000 1.0000
0.35622615 4.62653252 0.00000000 1.0000
0.36121893 3.82064275 0.00000000 1.0000
0.37089083 2.98809792 0.00000000 1.0000
0.38380500 2.15407235 0.00000000 1.0000
0.40000000 1.30000000 0.00000000 1.0000
0.80000000 9.20000000 0.00000000 1.0000
0.76736959 8.42481517 0.00000000 1.0000
0.74241726 7.65422977 0.00000000 1.0000
0.72151205 6.90973022 0.00000000 1.0000
0.71315878 6.14038671 0.00000000 1.0000
0.70626190 5.40839410 0.00000000 1.0000
0.71245230 4.64413225 0.00000000 1.0000
0.72243785 3.90181347 0.00000000 1.0000
0.74178167 3.13969602 0.00000000 1.0000
0.76760999 2.37708377 0.00000000 1.0000
0.80000000 1.60000000 0.00000000 1.0000
1.20000000 8.80000000 0.00000000 1.0000
1.15105438 8.10119750 0.00000000 1.0000
1.11362589 7.40457789 0.00000000 1.0000
1.08226808 6.72486218 0.00000000 1.0000
1.06973817 6.02773681 0.00000000 1.0000
1.05939285 5.35571383 0.00000000 1.0000
1.06867845 4.66173199 0.00000000 1.0000
1.08365678 3.98298420 0.00000000 1.0000
1.11267250 3.29129412 0.00000000 1.0000
1.15141499 2.60009519 0.00000000 1.0000
1.20000000 1.90000000 0.00000000 1.0000
1.60000000 8.40000000 0.00000000 1.0000
1.53473918 7.77757984 0.00000000 1.0000
1.48483452 7.15492600 0.00000000 1.0000
1.44302411 6.53999413 0.00000000 1.0000
1.42631756 5.91508691 0.00000000 1.0000
1.41252381 5.30303357 0.00000000 1.0000
1.42490460 4.67933172 0.00000000 1.0000
1.44487571 4.06415493 0.00000000 1.0000
1.48356334 3.44289222 0.00000000 1.0000
1.53521998 2.82310661 0.00000000 1.0000
1.60000000 2.20000000 0.00000000 1.0000
2.00000000 8.00000000 0.00000000 1.0000
1.91842397 7.45396217 0.00000000 1.0000
1.85604315 6.90527412 0.00000000 1.0000
1.80378013 6.35512609 0.00000000 1.0000
1.78289695 5.80243702 0.00000000 1.0000
1.76565476 5.25035330 0.00000000 1.0000
1.78113074 4.69693145 0.00000000 1.0000
1.80609464 4.14532565 0.00000000 1.0000
1.85445417 3.59449033 0.00000000 1.0000
1.91902498 3.04611803 0.00000000 1.0000
2.00000000 2.50000000 0.00000000 1.0000
2.40000000 7.60000000 0.00000000 1.0000
2.30210876 7.13034451 0.00000000 1.0000
2.22725178 6.65562224 0.00000000 1.0000
2.16453616 6.17025805 0.00000000 1.0000
2.13947634 5.68978712 0.00000000 1.0000
2.11878571 5.19767304 0.00000000 1.0000
2.13735689 4.71453118 0.00000000 1.0000
2.16731356 4.22649638 0.00000000 1.0000
2.22534501 3.74608843 0.00000000 1.0000
2.30282997 3.26912945 0.00000000 1.0000
2.40000000 2.80000000 0.00000000 1.0000
2.80000000 7.20000000 0.00000000 1.0000
2.68579356 6.80672684 0.00000000 1.0000
2.59846041 6.40597036 0.00000000 1.0000
2.52529218 5.98539001 0.00000000 1.0000
2.49605573 5.57713722 0.00000000 1.0000
2.47191666 5.14499277 0.00000000 1.0000
2.49358304 4.73213092 0.00000000 1.0000
2.52853249 4.30766710 0.00000000 1.0000
2.59623584 3.89768653 0.00000000 1.0000
2.68663497 3.49214087 0.00000000 1.0000
2.80000000 3.10000000 0.00000000 1.0000
3.20000000 6.80000000 0.00000000 1.0000
3.06947835 6.48310918 0.00000000 1.0000
2.96966904 6.15631848 0.00000000 1.0000
2.88604821 5.80052196 0.00000000 1.0000
2.85263512 5.46448733 0.00000000 1.0000
2.82504761 5.09231250 0.00000000 1.0000
2.84980919 4.74973065 0.00000000 1.0000
2.88975142 4.38883783 0.00000000 1.0000
2.96712667 4.04928463 0.00000000 1.0000
3.07043996 3.71515229 0.00000000 1.0000
3.20000000 3.40000000 0.00000000 1.0000
3.60000000 6.40000000 0.00000000 1.0000
3.45316315 6.15949151 0.00000000 1.0000
3.34087767 5.90666660 0.00000000 1.0000
3.24680424 5.61565392 0.00000000 1.0000
3.20921451 5.35183743 0.00000000 1.0000
3.17817856 5.03963224 0.00000000 1.0000
3.20603534 4.76733038 0.00000000 1.0000
3.25097035 4.47000855 0.00000000 1.0000
3.33801751 4.20088273 0.00000000 1.0000
3.45424496 3.93816371 0.00000000 1.0000
3.60000000 3.70000000 0.00000000 1.0000
4.00000000 6.00000000 0.00000000 1.0000
3.83684794 5.83587385 0.00000000 1.0000
3.71208630 5.65701472 0.00000000 1.0000
3.60756026 5.43078588 0.00000000 1.0000
3.56579390 5.23918753 0.00000000 1.0000
3.53130952 4.98695197 0.00000000 1.0000
3.56226149 4.78493012 0.00000000 1.0000
3.61218927 4.55117928 0.00000000 1.0000
3.70890834 4.35248083 0.00000000 1.0000
3.83804995 4.16117513 0.00000000 1.0000
4.00000000 4.00000000 0.00000000 1.0000
