11
0 0.00000000 0.00000000 0.00000000 0.00000000 0.50000000 1.00000000 1.00000000 1.00000000 1.00000000 1
10
0 0.00000000 0.00000000 0.00000000 0.00000000 1.00000000 1.00000000 1.00000000 1.00000000 1
30
0.00000000 0.00000000 0.00000000 1.0000
2.58052928 0.00000000 0.00000000 1.0000
5.00004405 0.00000000 0.00000000 1.0000
7.41957331 -0.00000000 0.00000000 1.0000
10.00000000 0.00000000 0.00000000 1.0000
0.49241748 0.49241748 0.00000000 1.0000
2.80397439 0.43774258 0.00000000 1.0000
5.00003180 0.41948997 0.00000000 1.0000
7.19610629 0.43771673 0.00000000 1.0000
9.50758252 0.49241748 0.00000000 1.0000
1.47725244 1.47725244 0.00000000 1.0000
3.25086462 1.31322774 0.00000000 1.0000
5.00000729 1.25846992 0.00000000 1.0000
6.74917224 1.31315018 0.00000000 1.0000
8.52274756 1.47725244 0.00000000 1.0000
2.46208739 2.46208739 0.00000000 1.0000
3.69775485 2.18871291 0.00000000 1.0000
4.99998279 2.09744987 0.00000000 1.0000
6.30223819 2.18858364 0.00000000 1.0000
7.53791261 2.46208739 0.00000000 1.0000
3.44692235 3.44692235 0.00000000 1.0000
4.14464507 3.06419807 0.00000000 1.0000
4.99995828 2.93642982 0.00000000 1.0000
5.85530415 3.06401710 0.00000000 1.0000
6.55307765 3.44692235 0.00000000 1.0000
3.93933983 3.93933983 0.00000000 1.0000
4.36809019 3.50194065 0.00000000 1.0000
4.99994603 3.35591980 0.00000000 1.0000
5.63183712 3.50173383 0.00000000 1.0000
6.06066017 3.93933983 0.00000000 1.0000
