11
0 0.00000000 0.00000000 0.00000000 0.00000000 0.50000000 1.00000000 1.00000000 1.00000000 1.00000000 1
10
0 0.00000000 0.00000000 0.00000000 0.00000000 1.00000000 1.00000000 1.00000000 1.00000000 1
30
3.93933983 6.06066017 0.00000000 1.0000
4.36817274 6.49820718 0.00000000 1.0000
5.00000832 6.64409129 0.00000000 1.0000
5.63183687 6.49813554 0.00000000 1.0000
6.06066017 6.06066017 0.00000000 1.0000
3.44692235 6.55307765 0.00000000 1.0000
4.14470437 6.93593128 0.00000000 1.0000
5.00000667 7.06357988 0.00000000 1.0000
5.85530154 6.93586859 0.00000000 1.0000
6.55307765 6.55307765 0.00000000 1.0000
2.46208739 7.53791261 0.00000000 1.0000
3.69776763 7.81137948 0.00000000 1.0000
5.00000337 7.90255706 0.00000000 1.0000
6.30223089 7.81133471 0.00000000 1.0000
7.53791261 7.53791261 0.00000000 1.0000
1.47725244 8.52274756 0.00000000 1.0000
3.25083088 8.68682769 0.00000000 1.0000
5.00000007 8.74153423 0.00000000 1.0000
6.74916024 8.68680083 0.00000000 1.0000
8.52274756 8.52274756 0.00000000 1.0000
0.49241748 9.50758252 0.00000000 1.0000
2.80389414 9.56227590 0.00000000 1.0000
4.99999677 9.58051141 0.00000000 1.0000
7.19608958 9.56226694 0.00000000 1.0000
9.50758252 9.50758252 0.00000000 1.0000
0.00000000 10.00000000 0.00000000 1.0000
2.58042577 10.00000000 0.00000000 1.0000
4.99999512 10.00000000 0.00000000 1.0000
7.41955425 10.00000000 0.00000000 1.0000
10.00000000 10.00000000 0.00000000 1.0000
